10.064687728881836
13.270547866821289
9.4463472366333
13.508371353149414
10.759132385253906
19.815448760986328
21.080669403076172
30.2987060546875
31.116819381713867
36.12062454223633
36.52016830444336
42.27549362182617
37.20509719848633
48.13546371459961
45.081809997558594
46.261417388916016
42.60844802856445
48.97260284423828
51.122528076171875
55.85997009277344
52.5684928894043
57.62937545776367
55.76483917236328
55.47945022583008
57.543758392333984
59.97907257080078
56.29756546020508
59.94102096557617
58.932647705078125
55.051368713378906
57.34398651123047
57.69596481323242
62.03386688232422
60.350074768066406
56.963470458984375
58.67580032348633
57.886226654052734
55.82191848754883
55.527015686035156
56.21194839477539
58.019405364990234
57.14421463012695
57.21080780029297
59.32267761230469
58.19063949584961
58.5616455078125
57.3249626159668
59.750762939453125
60.27397155761719
63.38470458984375
62.34779357910156
62.813926696777344
63.89840316772461
64.3740463256836
63.213470458984375
62.9090576171875
62.48097229003906
62.16704559326172
62.49048614501953
63.15639114379883
63.63203811645508
64.85920715332031
65.02092742919922
64.99238586425781
64.16476440429688
63.42275619506836
63.831809997558594
64.79261779785156
64.00304412841797
65.57267761230469
63.87937545776367
63.90791320800781
63.96499252319336
63.44178009033203
62.89002990722656
64.88774871826172
65.0780029296875
65.41095733642578
66.37176513671875
65.7343978881836
65.69635009765625
64.59284973144531
62.195587158203125
61.76750564575195
62.05289077758789
61.234779357910156
61.11111068725586
63.36567687988281
65.16361999511719
64.36453247070312
64.84969329833984
65.03995513916016
63.5749626159668
64.80213165283203
65.61073303222656
66.029296875
65.66780853271484
65.58219146728516
66.97107696533203
66.2766342163086
