9.807692527770996
15.84615421295166
7.638461589813232
19.576923370361328
9.246153831481934
21.63846206665039
20.86153793334961
33.89230728149414
28.96923065185547
33.869232177734375
30.761537551879883
35.24615478515625
30.938461303710938
42.06922912597656
37.400001525878906
38.653846740722656
35.023075103759766
40.484615325927734
42.24615478515625
46.96923065185547
44.41538619995117
48.9538459777832
46.67692184448242
47.91538619995117
48.28461456298828
49.21538543701172
45.661537170410156
48.67692184448242
47.79230880737305
44.96154022216797
46.91538619995117
47.88461685180664
51.08461380004883
49.60769271850586
46.599998474121094
48.31538391113281
47.53076934814453
45.93077087402344
45.5461540222168
46.43846130371094
47.476924896240234
46.71538543701172
46.75384521484375
48.63846206665039
47.4461555480957
48.130767822265625
46.9461555480957
49.46154022216797
49.70000076293945
52.11538314819336
50.96154022216797
51.60769271850586
52.338462829589844
52.91538619995117
51.64615249633789
51.57692337036133
51.0
50.68461608886719
51.16923141479492
52.092308044433594
52.400001525878906
53.653846740722656
53.69230651855469
53.93846130371094
52.769229888916016
51.984615325927734
52.29999923706055
52.9923095703125
52.22307586669922
53.599998474121094
52.023075103759766
52.03845977783203
52.092308044433594
51.60769271850586
51.10769271850586
52.79999923706055
53.03076934814453
53.43846130371094
54.27692413330078
53.60769271850586
53.53845977783203
52.4923095703125
50.523075103759766
50.238460540771484
50.369232177734375
49.86153793334961
49.64615249633789
51.53845977783203
53.099998474121094
52.484615325927734
52.72307586669922
52.81538391113281
51.58461380004883
52.77692413330078
53.33076858520508
53.77692413330078
53.484615325927734
53.35384750366211
54.515384674072266
54.03076934814453
