9.859999656677246
13.0
10.3100004196167
13.8100004196167
11.970000267028809
21.030000686645508
20.530000686645508
31.549999237060547
36.119998931884766
45.97999954223633
41.560001373291016
50.59000015258789
44.7400016784668
57.650001525878906
54.27000045776367
60.630001068115234
55.18000030517578
61.5
60.68000030517578
63.470001220703125
61.220001220703125
66.5999984741211
63.720001220703125
64.5199966430664
62.630001068115234
65.44999694824219
63.779998779296875
67.91999816894531
66.95999908447266
66.5199966430664
68.25
71.80000305175781
70.83000183105469
73.6500015258789
71.43000030517578
73.73999786376953
71.9800033569336
73.08000183105469
71.36000061035156
74.18000030517578
72.69999694824219
73.88999938964844
72.1500015258789
75.69999694824219
73.69999694824219
76.55999755859375
74.72000122070312
77.5999984741211
75.80000305175781
79.05999755859375
77.20999908447266
79.33000183105469
78.76000213623047
80.01000213623047
78.41000366210938
79.58000183105469
77.81999969482422
79.25
78.5199966430664
79.08000183105469
78.62000274658203
79.5999984741211
80.5199966430664
80.72000122070312
80.08999633789062
80.56999969482422
80.19999694824219
80.5999984741211
79.5999984741211
81.13999938964844
80.61000061035156
81.06999969482422
81.08000183105469
81.81999969482422
81.43000030517578
82.58000183105469
82.05000305175781
82.87999725341797
82.18000030517578
83.04000091552734
82.58000183105469
82.9000015258789
82.20999908447266
83.3499984741211
82.98999786376953
83.91000366210938
83.83999633789062
84.1500015258789
84.08000183105469
83.69999694824219
82.83000183105469
82.6500015258789
82.62000274658203
83.73999786376953
83.47000122070312
83.79000091552734
83.33999633789062
83.61000061035156
83.30000305175781
84.06999969482422
