2.2987912
2.306629
2.3350906
2.3027868
2.2611332
2.2470498
2.278059
2.219203
2.1679952
2.1188517
2.117709
2.1607354
2.1959157
2.2502594
2.1784174
2.223813
2.286197
2.2759707
2.3760626
2.206815
2.3828418
2.3173676
2.3072474
2.3479705
2.3955724
2.5700774
2.455669
2.4562094
2.3879874
2.3566816
2.4350379
2.4472806
2.5244186
2.4631166
2.5724087
2.480039
2.3680828
2.3103042
2.4029422
2.4175673
2.3133273
2.4156332
2.3847518
2.4125292
2.360673
2.4253657
2.3864114
2.3751957
2.402216
2.3494744
2.4431486
2.3570628
2.3880415
2.3673408
2.3867722
2.3297982
2.3599365
2.3190203
2.3084037
2.337949
2.2893255
2.355805
2.3588789
2.3636394
2.3584747
2.3414176
2.330343
2.359889
2.3743927
2.376006
2.3723369
2.3689885
2.3753326
2.3590455
2.370493
2.4260218
2.3761387
2.3975768
2.3813572
2.4283326
2.4909697
2.489809
2.4871008
2.452293
2.4355936
2.453585
2.4424295
2.4042606
2.3755615
2.4048917
2.3830268
2.3529308
2.3548636
2.3585806
2.3448083
2.3598065
2.3619285
2.3899846
2.4061978
2.5418174
