2.2701685
2.2918863
2.332151
2.359206
2.3308423
2.3341067
2.3072588
2.3120947
2.3539927
2.3640323
2.3191679
2.350027
2.351169
2.3243437
2.2919903
2.3219666
2.374837
2.3447165
2.2775857
2.3469374
2.3066988
2.3745267
2.5759392
2.5996501
2.5117886
2.4980333
2.5484731
2.593556
2.5051098
2.471442
2.4004476
2.5089526
2.4158316
2.3839788
2.3859367
2.4514349
2.4257903
2.4258585
2.453899
2.5568085
2.6661427
2.5226288
2.655489
2.7705424
2.7361279
2.6111321
2.467123
2.4861937
2.470881
2.3795757
2.4455075
2.4249141
2.349701
2.3861666
2.446297
2.3540668
2.4066348
2.4170794
2.414924
2.3557067
2.3302867
2.3125432
2.2952616
2.3134289
2.287538
2.291642
2.3304882
2.2906928
2.2898793
2.3343868
2.3212116
2.3592322
2.332009
2.3908675
2.3518624
2.3288321
2.2997792
2.2825294
2.2777774
2.243832
2.260523
2.311465
2.298274
2.276797
2.3302636
2.2807474
2.283451
2.3101566
2.3185685
2.329157
2.3576858
2.3698316
2.3817308
2.411783
2.4177282
2.4261649
2.42595
2.4038007
2.454492
2.4555953
