2.32551
2.3199947
2.3343322
2.375591
2.330955
2.2326832
2.320325
2.2693758
2.3550107
2.2885895
2.4131024
2.413462
2.3296077
2.331184
2.4031901
2.4401433
2.3161006
2.3092878
2.3275378
2.2846057
2.352614
2.3428147
2.4901195
2.411538
2.3558207
2.4434993
2.4870555
2.4469953
2.424338
2.4244926
2.4239507
2.3155684
2.3649924
2.3335855
2.4089816
2.368587
2.3032894
2.3923495
2.4303727
2.3484025
2.3309345
2.342492
2.4269757
2.4105418
2.4574778
2.3697362
2.3637135
2.4042401
2.3660898
2.356657
2.376347
2.3237221
2.3407202
2.3198571
2.3042994
2.3049104
2.3283346
2.2707622
2.283902
2.273388
2.2839637
2.3105783
2.3056033
2.3243995
2.314703
2.289268
2.305032
2.280595
2.2912762
2.3023071
2.3145533
2.3291392
2.29129
2.2784739
2.2881072
2.3371787
2.2867136
2.299995
2.3479698
2.3227434
2.328042
2.3902497
2.4168959
2.3704057
2.4361289
2.436029
2.4104462
2.427768
2.4384813
2.4359097
2.4372149
2.4442554
2.4466615
2.4228115
2.4606695
2.445309
2.4851246
2.4754174
2.4687536
2.4945428
