32807.258
121864.3
330349.34
665280.8
851031.25
1266356.5
1593193.9
1955184.4
3239462.2
4030398.0
5424152.0
5504890.5
6837603.0
8535520.0
9157343.0
9064521.0
10003433.0
12110402.0
15257160.0
18418682.0
15705598.0
13414320.0
13276360.0
14892424.0
15150234.0
14453897.0
15874611.0
17551788.0
18052388.0
17952610.0
18113532.0
20315456.0
22085902.0
20699676.0
31380572.0
30784032.0
33242664.0
35684380.0
43208180.0
41316510.0
38113810.0
42469360.0
50916744.0
51251816.0
50714150.0
42969332.0
49757530.0
60120096.0
59923620.0
69594000.0
78478900.0
66824212.0
68746260.0
69449256.0
71947560.0
75150460.0
81662120.0
78855680.0
83110390.0
86611570.0
78191970.0
89151010.0
101417260.0
106343730.0
107481256.0
98743250.0
114964080.0
117365390.0
119192080.0
112737310.0
102047864.0
128987840.0
130908160.0
148764740.0
133578296.0
136478620.0
133673650.0
140236750.0
130723540.0
125166984.0
118873360.0
125690830.0
129332460.0
127645570.0
125477176.0
136296350.0
138542560.0
156975870.0
162387520.0
164414300.0
174660580.0
170788080.0
167456620.0
156546990.0
171822400.0
180949710.0
192915090.0
207090480.0
204653620.0
237473730.0
