2.2993228
2.2907064
2.2770984
2.267449
2.254354
2.2536104
2.2464526
2.2328756
2.2020047
2.1752405
2.1502092
2.1161437
2.1015334
2.0549567
2.025761
2.0277658
1.9846277
1.9606482
1.9418484
1.8830421
1.868824
1.8636854
1.8319929
1.8217052
1.7487761
1.70494
1.6898704
1.6377815
1.5944115
1.568318
1.5661231
1.5248877
1.4906765
1.4806551
1.4450765
1.4746717
1.4367306
1.4087862
1.3732396
1.3680027
1.3125166
1.3069668
1.3347648
1.3316112
1.3671129
1.3074884
1.2946392
1.2677265
1.2612076
1.2224795
1.2442923
1.2540905
1.192122
1.2220573
1.2197654
1.228282
1.234122
1.2340584
1.1981031
1.1980275
1.1447569
1.1314931
1.1279076
1.1479543
1.1476681
1.1620508
1.1437958
1.1214923
1.0680141
1.0743415
1.080806
1.0859966
1.0751188
1.0653123
1.0893707
1.074633
1.0531814
1.0202396
1.02601
1.0301496
1.05819
1.0401036
1.0630019
1.0952843
1.0980645
1.1199243
1.1071335
1.0867972
1.064394
1.06681
1.0827426
1.082967
1.1007222
1.0920684
1.0792574
1.108415
1.0846913
1.0781724
1.0443058
1.0291785
