21.526175
119.35403
179.89447
355.6649
298.75085
339.56705
634.4616
775.2101
704.0497
849.8163
954.02246
1200.8756
1431.8143
1911.6395
1776.4036
1684.5209
1584.3721
1546.5479
2519.4043
2602.6345
3113.6335
2663.6182
2874.4812
2858.1191
3512.7615
4110.5957
3819.3523
3741.418
3490.2957
3452.7532
3845.8447
4613.131
5281.3086
6159.728
7328.1094
6935.473
5965.191
6147.381
6182.0806
6022.177
6171.8564
6892.8906
7296.287
7538.333
8622.18
10723.999
12044.624
12402.976
13157.226
12485.783
12107.464
10332.533
11317.037
11911.041
11704.35
11982.181
11703.069
11739.974
11316.122
11770.059
11026.72
11342.118
10779.877
11830.664
11794.943
11818.874
11674.063
12713.573
15044.561
15397.676
15701.417
16143.789
16891.12
17231.65
17678.93
15642.208
15169.976
17894.031
17104.926
17946.178
17350.977
18370.31
20906.15
25506.678
26534.113
22824.404
22514.732
23200.88
24216.8
26362.414
25365.54
21517.674
23993.963
24461.793
23047.979
21973.979
22364.076
23609.367
22537.828
25434.709
