45959.32
152492.7
275866.44
663597.25
982569.7
1084270.5
1544785.2
2437865.2
2855828.8
3385236.2
3822748.5
5178727.5
6281148.0
6431968.0
6423423.0
8385302.5
9573322.0
11373149.0
13412607.0
13155999.0
12743445.0
16170217.0
22368692.0
27983210.0
24611470.0
31598914.0
28077768.0
33724708.0
35705372.0
37831080.0
43011290.0
41320932.0
37452220.0
37605496.0
39790760.0
36883256.0
41178180.0
31291208.0
30039138.0
32982110.0
31936506.0
33653830.0
39211892.0
38041028.0
41074364.0
36283790.0
33025676.0
34655108.0
39688210.0
40611890.0
45663740.0
51991240.0
52842588.0
55833820.0
51884732.0
54666380.0
58971228.0
64853744.0
55829468.0
51652060.0
56221452.0
56812584.0
57129724.0
63464010.0
61784964.0
75350550.0
77993450.0
77325816.0
76753550.0
74923010.0
81467170.0
92417270.0
89847470.0
94201740.0
84716570.0
70019790.0
67996136.0
67204696.0
64567536.0
64790468.0
62703228.0
62813764.0
65591440.0
71023576.0
71417250.0
80723720.0
74791420.0
74141144.0
82909000.0
92275750.0
97886216.0
114436650.0
98055870.0
101861736.0
106314950.0
108685600.0
106045350.0
129196620.0
119705620.0
121475290.0
