2.307541
2.299578
2.3000886
2.2875586
2.287102
2.2780957
2.2788386
2.2684686
2.2733376
2.2593336
2.2577457
2.248563
2.2421482
2.2287226
2.2287755
2.208486
2.2031243
2.1830392
2.1647549
2.132803
2.1156898
2.0948539
2.0841134
2.0349073
2.022266
1.9775947
1.9526476
1.8938372
1.9002022
1.8487552
1.8359572
1.7807456
1.7770475
1.7349116
1.753949
1.6913087
1.6930751
1.6435945
1.6370882
1.5762795
1.597021
1.5316494
1.5587476
1.4947312
1.5777005
1.5042344
1.513709
1.4639496
1.4841689
1.4219807
1.4727951
1.4041471
1.4521368
1.4048258
1.4607571
1.412546
1.4614635
1.408804
1.4658277
1.4422117
1.5181961
1.4224232
1.4910289
1.4387113
1.4980466
1.4563779
1.5505741
1.5096357
1.5493597
1.5085943
1.546609
1.4713105
1.5493886
1.4980634
1.5452516
1.5102909
1.5492648
1.5004072
1.5652013
1.5145584
1.5834084
1.5464637
1.6007086
1.5566458
1.5951527
1.5753917
1.6238315
1.5736823
1.6392022
1.5724595
1.6548929
1.6027536
1.6560265
1.590787
1.6453217
1.6026368
1.6825234
1.6469569
1.6877955
1.6328611
