400.6833
1399.0366
3702.2847
7656.5776
8970.182
13145.155
17010.953
20052.467
33184.645
40528.586
55018.23
53629.316
63639.215
78772.734
85020.67
83732.33
91631.87
106842.0
136615.98
164889.25
135121.02
111817.32
113489.31
123946.53
124293.81
121177.516
144666.83
146043.33
148102.61
150364.84
151990.64
166711.94
185487.33
176118.98
251920.53
245585.92
271439.47
288530.28
344770.66
327108.84
306044.78
337773.94
416242.47
413971.1
409846.62
373145.0
414251.44
503374.84
497434.47
566225.1
636080.94
536691.25
561190.0
579239.4
611025.1
619240.94
632443.4
580100.1
591905.94
605081.1
549296.75
628568.5
713703.5
746434.25
752643.44
667191.4
785172.94
788921.8
791990.44
732342.5
698920.5
823491.9
854478.9
975223.9
883244.3
904946.94
887998.3
914555.9
821247.75
790684.75
806621.3
885600.5
916382.25
929449.2
906900.9
1029261.0
989323.9
1061951.0
1168899.2
1166436.6
1229446.6
1240086.2
1156570.8
1063427.2
1159062.4
1213116.1
1310296.9
1402916.5
1385384.5
1591911.2
