2.2969813
2.2926342
2.295453
2.2773197
2.2483926
2.2414038
2.247667
2.203606
2.1633446
2.1247833
2.11494
2.1119788
2.1402173
2.1257327
2.0884244
2.1376503
2.164834
2.1509578
2.1671789
2.0830593
2.167079
2.1426933
2.1248388
2.166619
2.1321514
2.2265675
2.214583
2.2121935
2.1662884
2.114338
2.1780775
2.1877313
2.2237077
2.172141
2.2520156
2.2113414
2.1477783
2.055906
2.1205616
2.1637661
2.0946147
2.177382
2.2192109
2.2280445
2.2422245
2.2292135
2.2151814
2.1929595
2.219057
2.1748137
2.2586396
2.2071414
2.2051733
2.201434
2.1953192
2.1823165
2.1870685
2.2027693
2.1970968
2.194437
2.1648903
2.1449077
2.1763213
2.2154944
2.2199826
2.2296424
2.2370384
2.2405164
2.2384002
2.2583423
2.265746
2.2671425
2.2479162
2.257492
2.2514007
2.2660918
2.2456954
2.2599819
2.2822566
2.2960362
2.3437934
2.3562765
2.351651
2.3408592
2.3252716
2.3285165
2.3024464
2.287616
2.261787
2.2697356
2.2711544
2.2501256
2.2519512
2.260977
2.264141
2.2556999
2.2653718
2.2768896
2.2986941
2.3205662
