2.357295
2.3653884
2.3705444
2.380451
2.4223595
2.416673
2.3879397
2.407003
2.3865376
2.4252803
2.400253
2.4241207
2.3210108
2.2779577
2.263901
2.3122866
2.3468437
2.3229606
2.2604072
2.221429
2.1879265
2.1997173
2.2325418
2.3352888
2.322542
2.2756455
2.3311899
2.3237145
2.294177
2.233929
2.2347674
2.2939143
2.2549136
2.2332172
2.3009267
2.3394637
2.404424
2.4230163
2.3759363
2.448681
2.4653194
2.4316072
2.4041605
2.4662964
2.4167864
2.4385128
2.426166
2.4167442
2.4160092
2.3366673
2.3111863
2.415701
2.3976462
2.4552264
2.4714756
2.4353175
2.43652
2.4063954
2.4025636
2.4282598
2.3693736
2.3602893
2.3427794
2.3813362
2.3575978
2.4318602
2.4333868
2.44054
2.4609578
2.497005
2.4358897
2.5238497
2.5582561
2.5177972
2.4983242
2.4997563
2.4951458
2.4785182
2.4684799
2.4440088
2.4601905
2.4449942
2.4778078
2.4883108
2.5027637
2.4669733
2.5160558
2.5246036
2.5090353
2.5027454
2.5205052
2.5382981
2.5515368
2.5641835
2.5646148
2.543441
2.5484433
2.568386
2.536658
2.5698793
