36605.15
256492.17
542814.2
1282275.9
1052333.8
1148737.8
2265387.5
2669158.2
2843476.5
3365732.8
4081406.2
5001452.0
5569218.0
7122590.0
7436923.0
7542072.0
7339873.0
6360338.0
11073523.0
11563894.0
14157389.0
12259480.0
13071232.0
13634782.0
13337792.0
15547744.0
15244252.0
16716171.0
17517592.0
18852714.0
20621686.0
24109514.0
26983354.0
33509310.0
38208224.0
36195412.0
32542306.0
32799078.0
31399618.0
32623964.0
35109356.0
39884160.0
43601004.0
44546144.0
51922508.0
64051720.0
74411640.0
79840320.0
86379304.0
91623220.0
85428560.0
74261550.0
88301330.0
95633490.0
90843910.0
89893180.0
85282150.0
88575430.0
91023224.0
95093304.0
99731190.0
99826980.0
105248280.0
105042670.0
101183490.0
107228904.0
117228160.0
130530810.0
160073220.0
154096370.0
160249140.0
169701490.0
183859580.0
177025870.0
187135400.0
159759620.0
174704420.0
208053310.0
193998660.0
203160960.0
176284080.0
194843330.0
226383840.0
262506110.0
264929580.0
248208580.0
244586240.0
250071340.0
255438910.0
267089360.0
260888900.0
240243420.0
258145460.0
258867280.0
248479950.0
227974990.0
245069380.0
250163360.0
247426460.0
267223980.0
