2.2856448
2.2760603
2.2842045
2.2481432
2.2543423
2.2462268
2.2410572
2.2210474
2.2005734
2.1807923
2.1721952
2.1471941
2.1384215
2.090342
2.0903647
2.0841196
2.057199
2.0387638
2.0211506
1.963111
1.9477533
1.942944
1.9299957
1.9051993
1.8593675
1.8711461
1.9215078
1.866305
1.8629968
1.7956816
1.7925524
1.727656
1.7475562
1.784824
1.7809124
1.7422768
1.7315468
1.7216707
1.7261546
1.7137715
1.7250954
1.7144419
1.7468208
1.7067169
1.757235
1.7003735
1.720192
1.63302
1.6567346
1.6314266
1.6878855
1.6752383
1.6740208
1.671295
1.6928543
1.6731162
1.6903838
1.6996851
1.6534152
1.6288396
1.6450754
1.5690818
1.5780696
1.5766685
1.6311996
1.6571457
1.6671101
1.6562077
1.6880143
1.636036
1.6848238
1.6775837
1.6924243
1.7132283
1.7172695
1.6656445
1.6569433
1.6508626
1.6118978
1.6569315
1.6160393
1.7086376
1.7512467
1.7333531
1.7209231
1.7395797
1.7179216
1.6853995
1.6390183
1.637755
1.6741793
1.6757149
1.7103021
1.67174
1.6861821
1.6460481
1.6762929
1.6566331
1.6573073
1.66882
