20.987324
120.704636
186.51906
363.82962
314.46402
344.17874
637.2324
777.9266
681.3375
819.6085
937.3081
1177.287
1387.7094
1827.7416
1701.5468
1619.3385
1540.1669
1569.0758
2581.9656
2679.0583
3146.5857
2647.524
2812.169
2807.3513
3424.4514
4005.353
3738.6345
3786.318
3575.6077
3485.8367
3872.889
4620.0845
5345.0957
6278.899
7473.2017
7027.653
5988.1514
6217.437
6242.822
6042.507
6282.336
6970.8647
7368.8945
7617.9336
8752.991
10697.721
12052.708
12391.663
13108.187
12516.719
12068.785
10285.998
11239.104
11814.357
11701.593
11865.987
11598.465
11649.046
11176.213
11579.538
10894.172
11160.953
10655.542
11654.871
11782.345
11850.317
11649.215
12858.008
15200.475
15488.672
15777.748
16201.835
16772.06
17155.082
17573.521
15663.257
15206.917
17962.838
17268.133
18145.576
17394.996
18490.71
20764.57
25260.111
26285.482
22627.951
22177.957
22859.47
23723.629
25812.654
24944.04
21165.506
23540.508
23903.133
22606.016
21537.984
21950.73
23295.646
22380.928
25296.818
