2.3300016
2.331075
2.3244026
2.3290257
2.3263931
2.3255665
2.3188415
2.3199208
2.3145075
2.3181543
2.3129349
2.3102698
2.3019636
2.2973983
2.2926447
2.297073
2.2912915
2.294023
2.282842
2.2903147
2.2613423
2.257599
2.235543
2.2458277
2.224033
2.232144
2.2130146
2.2143538
2.1742315
2.1675189
2.1354022
2.1610944
2.1232376
2.11061
2.0883765
2.1078348
2.0557823
2.0600097
1.9976114
2.0203576
1.9794728
1.9804168
1.9117403
1.9471586
1.9051657
1.9683368
1.9144889
1.9926323
1.8631694
1.8991165
1.8135163
1.85535
1.8290374
1.8847057
1.8765333
1.9239045
1.8637464
1.9076732
1.906016
1.9275084
1.8557131
1.8417608
1.7876458
1.8428189
1.8000987
1.8813674
1.8829726
1.9476676
1.9410949
1.9744998
1.9232068
1.9921386
1.9316428
1.9336299
1.9174409
1.9515667
1.8708909
1.9076447
1.8677895
1.8919879
1.8677067
1.9131624
1.8750281
1.95064
1.9323142
2.0014718
1.9657351
1.997597
1.9683617
2.0213158
2.0277398
2.0560663
2.0124059
2.0553148
2.0453863
2.0837426
2.0689373
2.0611575
1.9986887
2.0082674
