2.3288684
2.3290408
2.3219898
2.3254638
2.3212702
2.3206227
2.314507
2.3152885
2.310238
2.3132195
2.3087785
2.3080335
2.3004203
2.2980227
2.2931092
2.2982168
2.2923906
2.294574
2.285323
2.2920659
2.2705376
2.2700481
2.251302
2.254597
2.2328713
2.2402124
2.2198334
2.22171
2.185128
2.184325
2.1464531
2.162125
2.1221173
2.1176667
2.0854611
2.0994177
2.0421193
2.0461464
1.9913348
2.0058618
1.9535253
1.9678284
1.8992289
1.939093
1.8819252
1.9404359
1.8825433
1.962926
1.8461596
1.8917671
1.8068384
1.8571987
1.8088945
1.8728317
1.8451806
1.8975159
1.8325729
1.8883309
1.8679757
1.9057183
1.8300626
1.8448267
1.7840371
1.8413038
1.7852744
1.8751845
1.853041
1.9284703
1.9061332
1.957073
1.901918
1.9832194
1.9212292
1.9558209
1.926768
1.969548
1.8877182
1.94542
1.9038454
1.9381278
1.8994257
1.963757
1.9148307
2.0035694
1.9653479
2.0487783
1.9979697
2.0526032
2.01258
2.0799854
2.0651917
2.1012275
2.046572
2.1049876
2.0780356
2.13707
2.1002617
2.1162162
2.0684745
2.1049862
