2.2916694
2.2824516
2.281521
2.2570553
2.2547212
2.2497034
2.2436717
2.226485
2.2016168
2.1786537
2.162513
2.1330621
2.1224675
2.0754962
2.0628557
2.059721
2.0253801
2.0040221
1.9857023
1.9274194
1.9129975
1.9093503
1.8876337
1.8676851
1.8106525
1.7970909
1.8188982
1.7642288
1.7439249
1.6934596
1.690821
1.6356788
1.6317157
1.6501223
1.6342287
1.6254283
1.6039613
1.5864093
1.5722324
1.5624335
1.545639
1.5357485
1.5661535
1.5419505
1.5870225
1.5294822
1.5359708
1.4756005
1.484834
1.456139
1.497587
1.4953682
1.4666299
1.4783705
1.4898899
1.4829576
1.4930165
1.4986517
1.4564945
1.4437667
1.4298186
1.3796957
1.383071
1.3927054
1.4251676
1.4449941
1.4420007
1.4257032
1.4203022
1.3933344
1.4246639
1.422422
1.4269223
1.4324745
1.4458607
1.4080843
1.3948424
1.3789651
1.3579504
1.3851157
1.37378
1.4201719
1.4536387
1.4560715
1.4485823
1.4699769
1.4523718
1.4254372
1.3907907
1.3906311
1.417617
1.4175051
1.4461076
1.4188143
1.4217522
1.4119977
1.4170372
1.4018028
1.3901293
1.3894295
