8.274982
16.428408
28.953112
52.095818
71.5626
80.00129
95.744835
136.12827
145.85744
175.66057
203.60036
229.86777
324.36035
304.83066
284.67545
362.79965
421.895
444.2072
441.166
526.17535
487.99966
637.01483
895.0637
1079.3025
718.66614
903.47815
756.3182
964.56195
949.0506
911.6341
886.1391
956.22815
891.3393
948.57404
902.701
900.5351
990.4181
1051.811
939.6284
1000.1768
1171.9849
1059.7842
1234.6497
1300.7688
1439.551
1421.1344
1256.4266
1414.6366
1532.948
1437.2234
1421.8412
1641.9764
1974.7404
1929.7445
1800.3889
1708.1158
1594.553
1725.837
1428.0325
1464.7399
1694.4552
1697.7029
1689.9017
1776.7489
1763.9222
2175.1133
2067.1233
1983.6146
1897.1691
1933.1082
1988.7086
2270.8298
2148.2515
2195.9326
2015.1655
1801.9779
1716.6952
1766.642
1748.2734
1683.1498
1701.3966
1670.1442
1621.4565
1747.6371
1821.849
1946.1342
1808.846
1848.3354
1847.3632
1987.5238
2009.6273
2227.459
2062.2197
1952.1166
1980.8954
1964.1124
1813.7041
1985.1707
2024.4692
2024.6051
