72.08263
436.6919
736.14984
1546.0459
1244.7692
1448.7921
2761.6694
3368.3584
3229.3118
3894.41
4442.321
5489.976
6418.147
8478.773
8152.0024
7897.341
7477.0835
6819.8926
11420.694
12161.3125
14851.067
12561.824
13290.173
13056.593
15321.731
18226.777
17281.148
17215.18
16437.025
16602.195
18319.256
21953.658
25183.48
29825.592
35726.637
33967.543
29678.531
30080.56
29391.127
29454.07
29924.625
33448.316
35575.4
36618.24
42242.56
52636.61
59751.6
62442.69
66913.22
65844.5
63213.434
53630.77
60343.797
63656.527
60910.516
62040.14
61330.734
62121.926
60476.508
62631.32
59696.723
60739.164
60252.137
65193.414
63646.02
64671.43
65583.55
71671.08
85510.86
86153.06
89226.2
92133.25
98032.93
98491.23
102303.24
89148.97
88056.414
104753.39
98407.54
101314.29
94967.38
100536.586
116594.04
144039.38
149229.88
130260.84
127502.016
131268.98
139036.52
149712.17
144543.25
125559.94
138181.67
141303.28
132573.25
125589.69
128105.71
135361.81
128892.55
144372.89
