2.2798622
2.2699149
2.28679
2.2393062
2.2536676
2.2426972
2.2386045
2.216101
2.2001894
2.1845694
2.1832414
2.1626337
2.1558237
2.106404
2.119578
2.1100028
2.0908043
2.0755537
2.0590312
2.0020738
1.9853305
1.979657
1.9751478
1.9453057
1.9117507
1.9486638
2.0277128
1.9728872
1.9864172
1.9025602
1.8981923
1.8241658
1.8673378
1.9248333
1.9329412
1.8640074
1.8642178
1.8620098
1.8846633
1.870208
1.9103034
1.8977665
1.9332241
1.8768907
1.9331305
1.8776394
1.9107007
1.7976353
1.8353356
1.8145698
1.8865093
1.8637801
1.889296
1.8715856
1.903054
1.8698388
1.8929461
1.9066045
1.8575121
1.8211787
1.8688974
1.7672716
1.7807488
1.7668989
1.8450109
1.8748313
1.8950756
1.8906925
1.9622861
1.8833568
1.9502804
1.940129
1.9632127
1.9988682
1.9911599
1.9273839
1.9246234
1.9291017
1.8731006
1.9365293
1.8640966
2.004537
2.0554216
2.0171633
1.9974394
2.0135615
1.9876137
1.9510157
1.8916467
1.8900672
1.9364485
1.9399962
1.9814286
1.9306363
1.9561268
1.8866538
1.9423519
1.9185766
1.9324572
1.9552838
