2.2712965
2.2815027
2.30009
2.308684
2.2873507
2.2915285
2.265907
2.2570593
2.287108
2.296555
2.2593963
2.2724197
2.2535703
2.2492568
2.227325
2.23161
2.2505653
2.2243264
2.1884189
2.180741
2.1853154
2.21129
2.250367
2.282654
2.2839563
2.2526093
2.262062
2.2662215
2.2395678
2.2281084
2.197994
2.2545927
2.1856325
2.1860182
2.2083158
2.2354298
2.2051866
2.2036011
2.2074294
2.2639751
2.312617
2.220842
2.258165
2.314551
2.3176646
2.2897427
2.253237
2.2750535
2.2520509
2.2124588
2.2140698
2.217692
2.1768568
2.1949944
2.235377
2.1903784
2.234655
2.2362797
2.253128
2.2434301
2.2047205
2.1922698
2.1902087
2.1824272
2.1831439
2.1918845
2.2229254
2.1859496
2.1708052
2.2168937
2.1995213
2.2048542
2.177469
2.1923358
2.1684666
2.1487916
2.1412065
2.1204338
2.094815
2.0827785
2.096018
2.116014
2.1031086
2.0971923
2.1082761
2.1021078
2.0958545
2.1442266
2.1482441
2.1516259
2.188013
2.1883764
2.2207055
2.2464359
2.2587597
2.2838812
2.2914183
2.2808745
2.3059757
2.3033702
