6.696348
31.189507
40.001247
72.667114
65.27067
70.93754
128.67758
154.91235
133.27124
158.24786
177.51608
231.92638
280.53668
378.18753
336.70416
310.98123
290.19016
316.71252
490.2401
472.53293
553.9469
491.21558
542.5525
555.63043
703.89874
811.9442
733.6721
704.9573
645.749
628.3939
703.9587
829.9859
947.4344
1087.951
1273.1654
1189.7692
1023.1528
1072.9279
1108.9778
1060.2751
1096.3188
1231.6892
1294.1415
1335.305
1509.7432
1881.0978
2068.4338
2091.1072
2183.0298
1962.2385
1966.3256
1706.0577
1812.7935
1889.8079
1931.4943
1952.0922
1858.2559
1836.0035
1760.1692
1879.742
1769.5613
1845.4489
1679.4984
1851.7697
1870.7218
1842.2084
1785.1464
1924.9825
2251.0369
2312.6333
2302.693
2381.8225
2473.8982
2532.5034
2554.061
2319.4731
2234.1643
2623.5195
2539.098
2739.853
2691.8855
2922.6765
3266.3386
3855.5999
3976.917
3370.2644
3344.2898
3472.5242
3587.0415
3908.4983
3712.1377
3106.036
3491.5486
3528.298
3382.6157
3258.0889
3369.2183
3534.7595
3486.4175
3899.8896
