27.766098
64.10412
114.18054
230.52496
321.92303
361.72763
447.2772
663.9472
722.7191
874.082
1012.0236
1207.8998
1630.2913
1556.2188
1464.3542
1891.1782
2215.3088
2408.3909
2518.8047
2849.4646
2657.6467
3494.7673
4874.3647
5954.715
4289.8677
5429.7266
4469.743
5753.7666
5714.112
5612.49
5689.4795
5789.5063
5252.4717
5470.928
5392.933
5040.524
5655.1353
5604.3325
5165.7285
5569.146
6298.469
5793.9185
6595.787
6996.3105
7652.0576
7451.058
6677.51
7540.0317
8360.833
7935.0137
7968.415
9139.43
10861.1045
10845.208
10297.476
9963.281
9419.226
10138.06
8523.256
8535.021
9820.376
9841.588
9802.006
10547.879
10273.814
13022.252
12582.434
12167.602
11813.353
12072.834
12295.876
14196.185
13553.914
13804.059
12178.238
10429.726
9689.86
9873.71
9576.95
9312.133
9480.624
9362.417
9062.667
9764.215
10047.446
10964.499
9849.016
10195.989
10116.362
10793.839
11349.773
13260.061
11957.555
11609.935
11433.115
11542.301
10817.741
12153.49
12235.747
12295.243
