2.296351
2.2865772
2.2754068
2.266749
2.2576761
2.2521377
2.2431169
2.2350063
2.2138739
2.198607
2.1769042
2.1521118
2.1267207
2.0941546
2.0689085
2.0477471
2.008725
1.9739282
1.935982
1.882224
1.8518444
1.8135405
1.7656126
1.723774
1.6636976
1.6064985
1.5722915
1.5149419
1.4727594
1.4305276
1.400965
1.3521043
1.3083736
1.2775213
1.2268804
1.2128448
1.1801386
1.1432099
1.1061381
1.0795221
1.0464576
1.0239861
1.0188018
0.9909458
0.98980373
0.94546795
0.93362826
0.89835984
0.89343536
0.87483954
0.86537856
0.84674937
0.81713194
0.8079654
0.8114049
0.801972
0.802325
0.7976739
0.78439337
0.77787775
0.7586403
0.74492294
0.7230858
0.7108377
0.7052448
0.69167763
0.68751854
0.6724943
0.66504323
0.6510756
0.65784454
0.6403118
0.6395571
0.6224036
0.6278999
0.60884166
0.60572183
0.58964163
0.59237003
0.5867723
0.5961293
0.5820519
0.59330946
0.5817126
0.590109
0.57260257
0.57161486
0.5615819
0.56221795
0.55689794
0.5695467
0.561872
0.5621519
0.54598075
0.54823977
0.54466635
0.5540528
0.54459554
0.5452062
0.5321163
