50.505615
119.37099
317.80542
560.3252
1521.3674
1591.2144
2480.3054
3290.9724
3861.843
4656.8345
4621.1216
6151.8237
5385.8804
6095.029
7554.872
9331.554
13561.585
14728.438
15990.469
15832.919
14736.4
16366.165
16914.654
17448.615
21471.895
20368.594
17884.664
17962.475
17029.209
17743.451
18466.557
19555.37
24408.465
27216.646
27870.027
30273.479
38925.12
30668.87
26922.969
30387.816
33006.35
32036.34
29957.926
35349.855
32272.377
37336.75
35546.137
38799.04
35693.156
38431.527
35423.79
42885.05
40942.035
43478.84
49639.24
52192.918
51461.97
56688.773
51855.637
53602.35
49556.51
49894.465
51177.656
53829.29
48960.152
53084.996
55277.82
59747.633
60651.17
60962.523
56155.13
62048.938
61027.41
58450.67
55256.367
57021.01
60933.375
60241.605
60018.137
60613.973
71715.82
67969.59
70597.34
68270.71
74080.09
77072.914
76347.46
77142.234
78321.26
74742.22
80503.67
85444.25
98032.73
102556.45
102371.21
105429.68
103967.37
103327.19
110729.47
107105.24
