498.2066
3236.389
6075.12
13589.955
10695.849
12477.219
24319.455
29350.146
30000.656
35999.68
41978.824
51457.527
58909.434
76904.47
76826.53
76156.305
72778.43
62631.066
107006.93
114377.375
141918.89
121372.75
127964.29
127636.99
137659.4
164353.66
159199.95
162427.44
160407.14
166822.03
182801.02
216372.48
247072.08
299434.88
355579.88
337721.78
301532.22
301544.47
287774.97
297821.5
302828.72
340927.62
365939.56
375694.97
436232.06
546194.2
626450.5
664197.6
717345.7
732820.1
695590.9
594111.2
687868.56
731439.2
689559.56
692505.44
678407.7
698002.56
692561.56
719067.75
712790.1
719699.7
743549.2
777532.6
741473.94
769346.2
807906.4
882981.3
1075769.1
1059650.5
1103915.8
1149228.0
1246689.6
1230968.8
1286922.2
1092899.0
1127753.8
1357819.2
1259457.4
1290194.2
1155278.5
1239974.0
1466843.8
1792424.6
1836561.6
1642608.5
1600284.9
1646805.8
1742996.4
1847008.5
1790037.6
1608226.9
1741660.0
1785172.6
1687381.8
1582899.5
1641873.1
1707535.0
1656083.1
1824824.6
