2.2966585
2.2879004
2.2787013
2.2638113
2.2546961
2.252398
2.245473
2.2306776
2.2020855
2.1769593
2.155275
2.1221457
2.1091015
2.0620143
2.0387192
2.0389614
1.9993509
1.9763471
1.9572548
1.8984089
1.8847128
1.8805395
1.851744
1.8372239
1.7705956
1.7360368
1.7341455
1.6813638
1.6464295
1.6107385
1.6081822
1.5608033
1.5375732
1.5379086
1.5104529
1.5279019
1.4969008
1.4748591
1.4454479
1.4369346
1.3971976
1.3888097
1.4157349
1.4059477
1.4457649
1.3885388
1.3829707
1.3454297
1.3428105
1.308902
1.3370355
1.3424559
1.2914487
1.3174263
1.3204033
1.3221662
1.3286432
1.3303254
1.2915272
1.2865424
1.2490891
1.22162
1.2197701
1.2368149
1.2510098
1.2665013
1.2529856
1.2344201
1.1993933
1.1947068
1.2110227
1.2138281
1.2078645
1.2043791
1.2239748
1.199122
1.1823089
1.155716
1.1517282
1.1629003
1.1782712
1.18671
1.2126254
1.2324592
1.230566
1.2518481
1.236942
1.2168139
1.1890078
1.192001
1.2106786
1.2090278
1.2319766
1.2184376
1.2099029
1.2239908
1.2118325
1.2019601
1.1763709
1.1671396
