2.3025012
2.2966726
2.2904782
2.2796576
2.2461143
2.2438314
2.2523282
2.2085748
2.175153
2.1307912
2.1146753
2.1138883
2.1360552
2.1364493
2.0874135
2.133837
2.1501868
2.1346967
2.1441605
2.0631962
2.1532335
2.1389375
2.1219575
2.1715717
2.1413665
2.2355616
2.2033591
2.1893804
2.131726
2.094901
2.1545548
2.1693387
2.2014525
2.1398113
2.2125926
2.1851256
2.1196392
2.021517
2.0868351
2.136911
2.0534365
2.1470466
2.1934705
2.2066052
2.2101676
2.201837
2.1832943
2.1762333
2.1993842
2.1462903
2.234595
2.1805513
2.1834805
2.1878028
2.1737814
2.1680431
2.173181
2.1849961
2.1817985
2.1827343
2.142266
2.125925
2.1597085
2.1996813
2.199481
2.2097569
2.2136993
2.2169845
2.207464
2.238089
2.2444043
2.2471285
2.221486
2.2301989
2.2262695
2.2453902
2.220849
2.2329164
2.2591686
2.267973
2.3257844
2.3338745
2.3303668
2.3161166
2.3015969
2.3080902
2.281375
2.2698894
2.2491453
2.2538126
2.2553968
2.2347295
2.2364237
2.247101
2.248021
2.240644
2.2469163
2.2565148
2.2745285
2.299131
