14.903713
42.57968
106.11479
235.13849
233.21387
334.26956
456.63232
511.82748
811.37317
965.7595
1311.6624
1185.3123
1287.8936
1601.0404
1710.93
1739.2085
1887.4092
2060.8218
2632.0964
3156.394
2456.4355
2015.7751
2243.1985
2330.6707
2478.1885
2634.1482
3201.2131
3012.574
2980.7952
3112.3486
3078.3853
3305.0215
3795.6726
3682.9036
5060.268
4516.4736
4930.097
5274.791
6380.525
5943.8345
5693.55
6172.2114
7840.962
7745.4805
7851.35
7683.115
7723.89
9612.134
9266.55
10237.213
11467.332
9735.719
10179.179
10447.088
10625.368
10458.735
10271.402
9013.136
9059.594
9098.431
8530.193
9610.701
10883.603
11346.1045
11376.228
10049.877
11770.683
11986.714
11952.461
11086.255
11156.013
12204.766
12616.132
13640.325
13404.16
14672.7
13681.321
14692.329
13124.208
12415.175
12248.104
14052.991
14238.664
14071.105
14212.067
16533.29
16213.669
17232.592
18885.25
18755.6
18738.96
19047.299
18680.852
17317.035
18082.273
19577.912
21836.414
22734.78
22800.09
25354.174
