2.2779107
2.2738903
2.2675703
2.2659204
2.2591448
2.2551017
2.2495391
2.2452793
2.2403493
2.2332706
2.2191758
2.2097533
2.1945455
2.184086
2.1598787
2.1422966
2.1149974
2.0906134
2.0594876
2.047188
2.0164485
2.00403
1.9641671
1.9454166
1.8978474
1.8727083
1.8418773
1.8356271
1.7930119
1.7962945
1.7427613
1.7175096
1.6951078
1.6784215
1.6369215
1.6177633
1.5909365
1.5794377
1.5478045
1.5402861
1.506932
1.4942092
1.4538672
1.445795
1.4237578
1.4183252
1.3870324
1.3872083
1.3601415
1.3497543
1.3240051
1.3303465
1.3071804
1.3222022
1.3246078
1.3330824
1.3058873
1.2890849
1.2653252
1.2772306
1.2581599
1.2603931
1.2377454
1.220051
1.2029482
1.2190727
1.1901118
1.2121148
1.1676466
1.1927682
1.1746316
1.196544
1.1745249
1.175096
1.145611
1.1383644
1.1279684
1.1301384
1.1111157
1.1377577
1.1154071
1.1204592
1.1109027
1.1056278
1.0940574
1.093911
1.1097631
1.1215295
1.0936245
1.1187624
1.0948906
1.1191417
1.0946608
1.1057798
1.0775459
1.1098208
1.0801429
1.1045297
1.0880527
1.1001085
