2.3060808
2.311143
2.324971
2.3020296
2.2581654
2.251179
2.2850373
2.225659
2.1912205
2.1322367
2.119784
2.1725414
2.198123
2.2777228
2.1824899
2.222003
2.2700365
2.25368
2.3377125
2.1801531
2.369813
2.3205924
2.3141303
2.363595
2.426714
2.5910044
2.4440458
2.4314382
2.3476634
2.3387296
2.4004219
2.4202905
2.4916542
2.423403
2.5197413
2.4460244
2.3238769
2.2735844
2.3609185
2.3859007
2.2698352
2.3787832
2.3498416
2.3797927
2.3211346
2.3984416
2.351263
2.351529
2.3881328
2.3274245
2.4223514
2.3271098
2.3655312
2.359951
2.3684144
2.3167794
2.3457782
2.29977
2.2918816
2.3272035
2.266445
2.339251
2.3361838
2.3487012
2.3362424
2.319957
2.3104558
2.3406918
2.346852
2.3550851
2.3517773
2.3518608
2.350423
2.3402922
2.351699
2.4177032
2.3576553
2.3805358
2.3649192
2.4119804
2.4785998
2.470333
2.472689
2.431437
2.4156914
2.4405944
2.4297502
2.3915007
2.3674123
2.3950963
2.3713598
2.3419673
2.343345
2.348908
2.3294017
2.3506818
2.3488357
2.3766341
2.3886566
2.5318334
