2.2949069
2.2846303
2.2744846
2.2665327
2.2581975
2.2516456
2.2420301
2.233929
2.2166815
2.2043214
2.1843646
2.1626284
2.138152
2.1106784
2.0850708
2.0604675
2.0254023
1.9908683
1.9510995
1.9006239
1.8652353
1.8212726
1.7750527
1.7297219
1.6760552
1.6245366
1.5849836
1.5335782
1.4922161
1.4481657
1.4121732
1.3681688
1.3268536
1.2944043
1.2469611
1.2232542
1.190392
1.1531515
1.116066
1.0867199
1.0547638
1.0285122
1.0139594
0.9851859
0.9735436
0.935124
0.9192579
0.88813084
0.8788754
0.8614895
0.84810495
0.82471323
0.80317515
0.784713
0.78386253
0.77041924
0.764995
0.75541157
0.74432707
0.7324394
0.7183236
0.69884294
0.6856773
0.67137057
0.66418546
0.65216637
0.6483473
0.6340407
0.6297095
0.6173084
0.6224164
0.60372734
0.60504186
0.58698744
0.5918542
0.5737057
0.57330114
0.55702525
0.5594146
0.54996085
0.5542057
0.53957784
0.5507939
0.53405166
0.540898
0.5280093
0.52920496
0.52059036
0.5220541
0.5156239
0.52271664
0.51484877
0.5151683
0.50444573
0.5067749
0.49960643
0.5034221
0.4937503
0.49795628
0.48346022
