2.308702
2.302152
2.3027797
2.2887003
2.2885282
2.2775156
2.2799048
2.2678316
2.2750678
2.2571278
2.2560406
2.2473593
2.2387016
2.2244275
2.22578
2.201329
2.1954627
2.1711245
2.1455202
2.1074524
2.0855181
2.073297
2.074333
2.0205805
2.01147
1.9719158
1.9378792
1.8845234
1.8971246
1.8605193
1.8471508
1.8003715
1.8070316
1.787997
1.8116097
1.7577716
1.7553184
1.7236155
1.7082436
1.6565727
1.6667727
1.6150764
1.6313623
1.5765536
1.6602503
1.5923795
1.5872409
1.5395367
1.543884
1.4954067
1.5200448
1.4517593
1.4940336
1.4610735
1.5098997
1.4743346
1.4943862
1.4487902
1.4934672
1.490359
1.5546887
1.4653292
1.5171621
1.47086
1.5177611
1.4905325
1.5819726
1.5548075
1.5812417
1.5540223
1.5748042
1.5029738
1.5582058
1.5126848
1.5450838
1.5198153
1.553864
1.509317
1.5585725
1.5170132
1.5736436
1.5495284
1.59247
1.5476171
1.5714983
1.5596582
1.6019218
1.5592532
1.614976
1.5557535
1.6161624
1.5725851
1.6186955
1.5569462
1.5967637
1.557907
1.6307957
1.605726
1.626811
1.5764285
