2.293696
2.2827308
2.2756863
2.265654
2.259444
2.2520478
2.2439864
2.2352386
2.2208793
2.2078032
2.1901503
2.168785
2.1462991
2.1182084
2.097098
2.072847
2.041951
2.0061297
1.9707242
1.9192741
1.8905357
1.8478146
1.8097775
1.7628815
1.7160733
1.6654621
1.6355143
1.5827729
1.5501239
1.5050014
1.4745562
1.4275548
1.3993943
1.36693
1.3288431
1.3003937
1.2788316
1.2422454
1.2158215
1.1803128
1.1609116
1.1348451
1.1250632
1.0909387
1.0916464
1.0482994
1.045247
1.0035218
1.0076686
0.9843008
0.98788697
0.9586888
0.9522392
0.92515314
0.9380605
0.9158791
0.9252607
0.90573037
0.90366906
0.88152707
0.88755125
0.8533858
0.8511652
0.83332926
0.84330344
0.8249356
0.8370109
0.8182783
0.83056545
0.79921407
0.8206029
0.79768956
0.81379926
0.79039294
0.8040143
0.7791441
0.7895464
0.7657065
0.7826265
0.76787025
0.77469724
0.7610806
0.78380764
0.75651604
0.76865387
0.75030214
0.76375437
0.7492497
0.7534778
0.7428943
0.7629017
0.7510496
0.76160896
0.7447894
0.7599432
0.7382045
0.7557571
0.73884076
0.7575319
0.7334921
