4.696541
10.048931
23.645737
53.913227
48.923954
69.58272
98.65976
108.770515
160.88158
187.72237
251.47649
217.06041
223.38803
280.8784
294.55515
311.13907
331.12085
353.15125
438.68015
522.4106
411.78284
353.16803
445.64758
427.09592
470.702
509.1152
597.63214
564.922
550.8641
577.7809
561.97284
589.1414
675.97986
658.0403
894.81134
753.1925
798.71204
865.0557
1069.8574
975.02795
939.7278
1008.00665
1280.8997
1279.0778
1338.7349
1322.3951
1244.6589
1582.0944
1467.8853
1608.3337
1801.8918
1537.2593
1605.6575
1625.4435
1594.3394
1549.2759
1533.2957
1329.629
1316.1547
1360.6288
1360.149
1491.239
1687.3457
1764.2129
1786.0807
1661.2783
1952.091
1894.425
1843.6152
1737.5602
1798.7689
1992.9084
2011.795
2101.8518
2071.685
2385.7065
2156.4321
2328.8281
2215.4885
2067.2786
2020.3892
2331.753
2338.9907
2288.5994
2360.03
2687.248
2713.7686
2868.582
3077.1409
3061.6433
2999.412
3085.5383
3106.5137
2873.7502
3024.5364
3299.4126
3645.4146
3755.2742
3782.6553
4062.519
