4.5494
8.0074625
19.45678
30.19645
79.621315
77.2766
107.81967
166.18918
181.08902
194.48354
187.46696
253.43161
219.33334
252.58167
327.24927
395.6253
573.87726
574.3544
597.96716
567.19196
492.9331
622.85974
655.0185
638.3122
708.39984
675.6368
698.19684
684.2109
592.29144
616.4516
680.93823
756.0393
803.71985
880.431
924.55255
1130.1376
1336.404
1133.6001
1083.8074
1096.9194
1138.5057
1175.9446
1122.4742
1310.4453
1204.0802
1314.838
1276.0101
1353.261
1260.362
1308.2244
1265.72
1562.8739
1514.9858
1601.9077
1826.1
1872.0881
1774.4923
1906.7493
1743.4698
1815.1742
1683.8506
1682.0375
1668.1191
1772.2322
1644.3414
1955.0204
2057.1292
2171.374
2122.719
2123.4749
1892.074
2051.5845
2115.7053
1914.968
1852.4496
1882.0944
1975.5
2023.2428
2047.4297
2074.0115
2387.9644
2185.1426
2197.1802
2269.5325
2412.279
2389.528
2498.1062
2487.7864
2450.2903
2321.601
2381.4336
2385.0593
2742.4453
2943.6145
3063.068
2986.3994
2952.4922
2813.4104
2988.4622
2850.6855
