481.6538
3267.292
6272.3564
13893.791
11288.64
12689.284
24438.1
29330.52
29136.473
34706.535
41068.91
50365.97
56866.62
73383.75
73383.62
72893.83
70070.65
62534.46
108694.73
116993.875
142851.33
120253.22
125112.234
125958.23
134091.4
160296.14
155569.61
164471.39
163893.7
168913.69
184699.25
218024.48
250594.0
306168.12
362919.6
343117.28
302717.6
304026.4
290551.94
298811.62
306888.12
342380.9
367487.4
376349.44
438995.8
541657.56
623793.44
660473.2
710169.7
729170.0
690396.56
586611.94
677988.44
721540.3
685337.0
682324.4
670482.25
689855.44
682732.2
706716.2
702542.56
708011.75
730828.3
761053.2
735101.06
763269.75
800214.1
882369.06
1072920.0
1053694.2
1097650.6
1145778.0
1232585.0
1217920.6
1272965.1
1084947.2
1122445.4
1355958.1
1263195.4
1297104.0
1154900.9
1241724.4
1452587.4
1772820.8
1814247.1
1626903.9
1575209.4
1622775.2
1705441.0
1808566.5
1759758.6
1579429.0
1713347.1
1747230.9
1655602.8
1546447.5
1610457.2
1680817.6
1635927.9
1801169.0
