94.58397
241.79953
431.03366
935.7647
1322.7208
1482.7856
1899.4769
2885.0745
3211.9868
3874.734
4458.4404
5546.752
7218.03
7011.5605
6658.474
8640.351
10118.745
11357.794
12343.616
13412.044
12609.85
16487.754
22952.29
28236.998
21699.227
27534.197
22880.547
29052.814
29248.91
29467.322
31022.934
30559.113
27297.098
27886.203
28296.783
25616.354
28765.732
26241.568
24769.816
27043.732
29485.32
27706.459
31284.803
33007.242
35433.785
33893.09
30556.816
34167.473
38642.547
37208.812
38166.79
43536.207
50586.19
51279.195
48949.727
48256.16
46629.727
50620.094
43092.273
42420.133
48536.22
48820.523
48754.14
53271.176
51451.266
66185.01
64292.824
62703.184
61860.062
63216.043
64335.62
74196.336
71596.32
73359.34
64062.406
53392.3
49364.95
49564.992
47522.348
46659.902
47495.625
47101.66
45698.406
49388.777
49771.02
54770.457
49278.176
51187.453
51577.387
54287.215
58877.99
70529.54
62358.305
61359.51
60122.457
60288.12
57084.49
67226.74
66587.195
66861.02
