53.119137
171.18535
439.34015
940.6928
1010.0359
1459.4073
1942.4647
2219.8174
3629.4836
4368.531
5955.0205
5580.6167
6328.216
7823.3105
8432.235
8402.157
9160.883
10284.29
13215.433
15917.856
12609.186
10289.494
10807.259
11567.333
11843.655
12108.585
14905.496
14311.519
14308.951
14790.522
14823.837
16049.856
18293.945
17595.34
24354.785
22755.564
25193.021
26735.49
32073.736
30204.832
28787.564
31421.299
39617.297
39145.5
39056.9
37322.2
39279.996
48198.836
47164.133
52787.062
59173.414
50021.516
52389.73
54114.69
56458.56
56455.15
55829.312
49604.8
50199.895
50503.277
46408.13
52779.25
59698.695
62338.367
62733.152
54816.39
64293.754
65062.242
65274.47
60366.54
59721.484
66211.99
69114.625
76868.31
73104.41
76927.77
73945.59
77189.18
68184.24
64840.848
66264.4
74637.76
76603.89
76950.914
76370.89
88866.805
85331.07
90314.58
100141.27
99229.766
101991.28
103368.01
98138.414
90248.32
95823.32
102172.86
112217.6
119066.445
118789.07
134815.36
