646.924
1861.123
3333.008
7680.7954
11065.975
12319.7705
16551.895
25622.16
29317.363
35084.613
39997.816
51974.21
65126.523
64841.934
62666.66
81735.01
94699.83
109848.78
124253.42
129017.1
122926.5
158680.75
220465.28
273335.4
224756.34
286507.38
244703.75
302543.4
311208.3
321536.9
352788.8
340781.94
304372.06
306815.97
318606.38
287359.66
321347.1
263272.97
253013.5
278915.56
288049.66
281413.6
319755.88
329040.03
348476.53
321866.88
292079.6
317367.94
364306.1
359309.0
382583.7
434499.06
481571.75
495591.2
472101.66
479884.94
483511.78
530854.5
456288.3
437750.75
496056.03
500922.28
502190.53
554882.6
532842.9
684333.9
672652.56
662050.0
659862.1
672623.0
690213.0
793971.25
776431.1
799590.3
701860.9
577743.94
540088.8
536051.44
511767.7
507638.16
514294.38
513245.5
502077.5
541185.56
538746.7
600402.7
547854.8
565587.94
592395.1
628490.0
688860.25
828074.3
717112.3
717925.0
716808.3
716939.5
689292.06
845874.94
819175.94
820753.2
