2.2784066
2.273963
2.2674353
2.2646623
2.2577212
2.2537696
2.247371
2.2426884
2.234772
2.227627
2.2137156
2.2026968
2.186169
2.1736784
2.1476495
2.1278791
2.0988853
2.071564
2.0364835
2.0178666
1.9832543
1.9631407
1.9186503
1.8964939
1.848213
1.822004
1.778098
1.7676582
1.7182806
1.7130847
1.657952
1.6329997
1.6004554
1.584342
1.5364463
1.5231072
1.4897436
1.4804189
1.4419373
1.4336835
1.4025644
1.4008738
1.3522668
1.353884
1.3260671
1.328914
1.2892202
1.3023428
1.2694148
1.2701062
1.2432829
1.2609602
1.2313087
1.2575096
1.2430948
1.2548666
1.2163296
1.2182287
1.1852875
1.2070155
1.182149
1.1973923
1.1720394
1.1741593
1.1462668
1.1677327
1.1342795
1.1648829
1.1162074
1.1564096
1.1298941
1.1529593
1.1307493
1.1457133
1.1063635
1.1080174
1.094749
1.115124
1.087152
1.1160302
1.0873345
1.1075064
1.0864139
1.0941113
1.0763402
1.0915205
1.0976585
1.1171727
1.087135
1.1161094
1.0936576
1.1164091
1.0857998
1.1040199
1.0770844
1.1203946
1.0836931
1.1073822
1.0888077
1.1034732
