38063.508
254405.45
526856.75
1253909.4
997328.75
1127288.8
2252419.0
2673601.2
2925093.0
3495644.0
4175770.2
5110589.5
5774871.5
7467506.5
7793424.0
7890627.5
7645907.5
6421644.5
10963663.0
11363455.0
14118610.0
12419498.0
13401632.0
13829058.0
13725453.0
15950095.0
15628716.0
16544635.0
17203756.0
18620582.0
20370366.0
23842216.0
26544818.0
32733574.0
37434040.0
35567956.0
32360590.0
32477182.0
31043832.0
32467718.0
34693804.0
39792010.0
43476000.0
44589012.0
51825870.0
64761576.0
74923390.0
80446860.0
87414190.0
92324430.0
86148190.0
75347640.0
89679190.0
97015270.0
91565690.0
91302500.0
86375304.0
89750050.0
92374300.0
96768980.0
101335950.0
101590380.0
107390210.0
107630936.0
102610450.0
108699384.0
119008160.0
131604900.0
161636460.0
156113470.0
162459870.0
171322190.0
186818480.0
179737390.0
189972740.0
161699170.0
176455440.0
209503400.0
194751420.0
203415540.0
176970100.0
195401780.0
228972590.0
265737390.0
268398980.0
250886880.0
248438620.0
253736850.0
260917800.0
272596380.0
265428560.0
244766770.0
262331340.0
264510930.0
253463920.0
233663660.0
250178320.0
254766540.0
251369600.0
271967330.0
