2.3731208
2.3814137
2.399598
2.4136453
2.5059812
2.4837737
2.445774
2.4986184
2.4755664
2.531808
2.5092914
2.5652244
2.3994658
2.3477428
2.3606596
2.4434447
2.5750146
2.5284522
2.4165363
2.3144672
2.286868
2.3379552
2.4035044
2.4949296
2.5147667
2.3994281
2.4902272
2.4525003
2.458521
2.356933
2.358209
2.46303
2.4219224
2.4070258
2.5134566
2.6083293
2.683439
2.6593218
2.5562449
2.6375158
2.6596994
2.6084213
2.5526295
2.6853976
2.6269357
2.658176
2.6517546
2.599772
2.5918021
2.4844325
2.5086946
2.6832128
2.5943222
2.6857913
2.7100968
2.6134565
2.598424
2.5855436
2.5546167
2.592525
2.5268273
2.497757
2.4755726
2.5131087
2.4878929
2.641268
2.704384
2.6839035
2.7760742
2.8287477
2.6960313
2.8521984
2.8957067
2.8169715
2.758529
2.7086034
2.700562
2.6770573
2.6451933
2.5775797
2.6143932
2.5694425
2.6539135
2.6671839
2.6838806
2.6423955
2.71295
2.6899402
2.6878066
2.6340392
2.6263463
2.6767628
2.653019
2.692326
2.6805358
2.6557224
2.670211
2.733256
2.6440194
2.7074497
