31946.922
80625.71
221480.0
434585.25
1130631.6
1314664.1
2252860.0
2375596.2
3063581.8
4185035.0
4352996.0
5678146.0
5365302.0
5982608.0
6740284.5
8329025.0
12287379.0
14343375.0
16170506.0
17314958.0
17221728.0
17861046.0
17878460.0
18953002.0
25491166.0
24478960.0
18074232.0
17739336.0
19485394.0
21164184.0
19759132.0
21023440.0
31905372.0
36057268.0
38671184.0
39278850.0
50319464.0
41046944.0
33868188.0
41567548.0
44561416.0
36275796.0
31539086.0
33900536.0
31752966.0
42197412.0
39610736.0
41531304.0
38861604.0
40626892.0
36631484.0
42011584.0
42045404.0
43262948.0
51689950.0
55217140.0
53389116.0
59636320.0
56778360.0
58626530.0
54828864.0
57019710.0
57681330.0
62034132.0
58989110.0
59274380.0
60268424.0
62262190.0
65532092.0
70948930.0
65519664.0
70175624.0
66961652.0
65247880.0
61754388.0
64864404.0
69424820.0
70711160.0
70640904.0
70208310.0
78147580.0
78174424.0
84756690.0
79526240.0
85864040.0
91159100.0
90955300.0
94035590.0
98801820.0
93342570.0
101841140.0
109576056.0
131384380.0
138783150.0
138027310.0
152963890.0
153301620.0
151772430.0
166160140.0
163925340.0
