2.2948143
2.284459
2.2767615
2.2651443
2.2586648
2.2522252
2.2445648
2.2357216
2.2177696
2.2022564
2.1829562
2.1587667
2.1351342
2.1023247
2.081935
2.0612879
2.0262773
1.9909006
1.9560758
1.901263
1.876943
1.839631
1.7994161
1.7550972
1.7025954
1.6480933
1.6234578
1.5646124
1.5319731
1.4861856
1.459452
1.4084023
1.3792503
1.3513291
1.3094772
1.2903192
1.268744
1.234857
1.207156
1.1736501
1.1522342
1.1314411
1.1289918
1.0951796
1.1045493
1.0580673
1.056354
1.011147
1.0166655
0.99561757
1.0019748
0.9790117
0.96195525
0.94604534
0.95986754
0.9433565
0.9537215
0.9430827
0.93488383
0.9200164
0.9181164
0.88893086
0.8761836
0.862469
0.87388754
0.85669273
0.8646056
0.8487999
0.85787183
0.8265891
0.8460062
0.8262521
0.8372446
0.81930715
0.82812095
0.805775
0.8099178
0.7892586
0.8011464
0.7952765
0.800293
0.7932537
0.81454825
0.79546076
0.8034152
0.7838477
0.7895017
0.77745456
0.77453786
0.76797575
0.7913131
0.78561795
0.7929395
0.7711751
0.7823543
0.7638038
0.7842185
0.77188
0.78529584
0.76729524
