6.545844
31.521679
41.520245
74.39001
68.39305
71.687485
129.38464
155.69307
128.81488
152.97377
175.1463
227.87375
272.55765
362.54636
323.20456
300.1215
284.85196
323.4487
503.4418
486.4809
558.7959
487.5497
531.1662
544.33527
686.9777
791.7165
720.4506
712.5982
662.166
634.2353
708.9931
830.5451
959.1733
1110.0863
1299.5114
1206.23
1029.0166
1087.8577
1122.25
1064.3456
1118.2751
1247.5698
1310.3386
1355.3279
1537.057
1880.7434
2074.7305
2095.0962
2183.9202
1977.7058
1964.8202
1707.7349
1810.7501
1882.8209
1936.8467
1940.5381
1844.9236
1825.15
1739.6084
1851.5044
1750.3563
1816.2952
1662.8625
1831.4005
1875.636
1851.1049
1781.6344
1959.7632
2290.9294
2340.5396
2322.6365
2393.3276
2458.4287
2526.4336
2537.674
2328.6824
2247.1794
2633.086
2568.8857
2777.015
2702.8281
2947.2463
3255.0703
3834.7131
3956.1536
3356.0588
3310.7258
3430.4954
3524.0085
3834.4475
3654.029
3062.3975
3424.101
3443.5874
3316.563
3198.9565
3309.6746
3489.441
3465.5317
3877.5132
