387.07892
943.53015
2554.8264
4765.3887
12744.212
13963.311
22828.81
27438.459
33651.402
43125.574
43559.48
57493.426
52023.637
58419.86
69145.25
85743.3
125722.19
141540.19
155303.47
159702.19
153591.8
163302.64
166162.11
174060.52
224977.77
214048.61
172141.97
171564.78
172938.34
182290.33
180385.12
189848.67
261855.66
294018.22
305359.6
320024.0
415950.22
326283.97
273772.9
326376.75
350940.9
314791.16
285935.84
333235.22
306920.44
373492.06
353614.25
384280.4
356153.75
382326.25
348185.7
408773.5
397658.94
417804.1
487478.56
514690.6
505557.8
562765.6
522625.44
539246.44
501703.16
510067.22
525714.7
556730.5
511129.28
530196.94
543054.6
578963.25
600513.7
626827.5
577786.75
632282.3
614814.7
594984.6
568101.6
587042.1
627383.25
624260.56
619693.94
619675.3
721630.8
701932.5
749813.4
711461.25
771868.7
814711.8
801333.0
818527.94
847091.9
807098.44
880773.44
951776.7
1112680.4
1161683.5
1151308.4
1230207.2
1219011.2
1219117.1
1320006.0
1282584.6
