70.038895
441.03152
761.55994
1581.5355
1312.8915
1471.9181
2775.2717
3371.2231
3131.186
3755.946
4352.3716
5376.3506
6208.2856
8098.2837
7795.8486
7575.4014
7230.7246
6868.7305
11661.404
12486.007
14988.904
12474.248
13010.198
12870.971
14944.572
17780.846
16913.959
17444.893
16831.268
16795.922
18477.768
22047.713
25505.045
30451.344
36450.855
34451.758
29772.951
30334.148
29651.795
29545.678
30395.469
33718.164
35825.344
36849.82
42745.945
52428.996
59720.582
62317.375
66522.29
65839.53
62933.68
53185.125
59713.81
62979.27
60740.406
61307.18
60720.727
61550.453
59686.14
61582.76
58919.207
59783.734
59407.66
64024.49
63361.414
64552.1
65269.29
72082.625
85862.195
86197.38
89218.695
92190.555
97187.39
97735.25
101470.69
88896.93
87987.51
104959.34
99121.51
102262.06
95105.695
101002.07
115676.31
142672.34
147715.94
129166.53
125542.086
129383.7
136145.89
146621.48
142184.44
123472.1
135889.11
138305.97
130166.76
122936.87
125807.71
133574.9
127782.49
143201.48
