2.3212068
2.316763
2.325098
2.325107
2.3031888
2.2316194
2.2732887
2.2405872
2.2953014
2.2412882
2.3049695
2.3219454
2.2806978
2.2680478
2.3046565
2.3113441
2.2682836
2.2553892
2.2795682
2.2341993
2.260588
2.2685368
2.33625
2.2869759
2.262266
2.3114202
2.3419268
2.322939
2.3243825
2.3049827
2.3230612
2.258844
2.2934177
2.2878463
2.3349519
2.3036673
2.272122
2.3064184
2.3337352
2.2665184
2.277789
2.272729
2.3295898
2.318852
2.3772366
2.2859695
2.2865071
2.3300216
2.2936413
2.297772
2.305328
2.2849386
2.2701373
2.2287421
2.2523992
2.2247977
2.2282515
2.2429116
2.2619617
2.248743
2.2337325
2.2271268
2.2502549
2.2807887
2.2846053
2.2618985
2.2786798
2.2618897
2.264237
2.261054
2.2642815
2.257925
2.25223
2.2389803
2.2413557
2.253416
2.2449765
2.2551541
2.289859
2.2685645
2.278728
2.2990773
2.3179054
2.307035
2.3297398
2.336421
2.3327596
2.3487246
2.3574715
2.348584
2.3538086
2.3516471
2.3522153
2.3402967
2.3764029
2.3717134
2.4023082
2.394501
2.3911536
2.3941858
