13.858222
31.21155
81.08738
135.05913
366.84933
370.29596
550.9584
787.49207
891.407
1019.26984
998.726
1339.4554
1152.214
1316.6927
1683.5166
2061.9976
2990.434
3133.1516
3340.0032
3250.5063
2939.5918
3425.4355
3576.428
3611.1035
4230.8228
4033.138
3815.4304
3847.9377
3493.5874
3615.944
3880.22
4168.063
4803.112
5323.408
5466.4565
6204.0366
7712.1436
6258.878
5794.965
6210.2725
6664.5547
6743.9795
6369.4717
7517.4556
6837.432
7644.8335
7327.355
7934.9307
7285.2876
7771.327
7324.33
9049.7705
8605.108
9124.91
10360.156
10812.175
10536.36
11514.072
10480.591
10847.277
10017.068
10038.5205
10176.529
10671.904
9733.289
10964.284
11571.177
12472.873
12423.847
12304.763
11182.672
12327.257
12282.434
11498.341
10908.339
11216.248
11917.365
11932.011
11955.972
12089.988
14255.485
13289.416
13511.976
13370.514
14394.234
14755.525
14973.453
14992.677
14991.53
14250.841
15071.934
15514.512
17777.818
18711.922
19053.115
19047.553
18763.195
18265.87
19338.168
18650.7
