6.606666564941406
7.0333333015441895
5.326666831970215
5.633333206176758
6.4066667556762695
5.793333530426025
7.5
6.333333492279053
6.239999771118164
6.746666431427002
5.2133331298828125
3.993333339691162
5.933333396911621
4.5333333015441895
5.099999904632568
4.840000152587891
6.440000057220459
6.079999923706055
5.833333492279053
5.960000038146973
6.019999980926514
6.646666526794434
8.306666374206543
5.87333345413208
5.7133331298828125
5.28000020980835
8.073333740234375
8.806666374206543
14.119999885559082
21.96666717529297
25.413333892822266
23.546667098999023
20.31333351135254
19.68000030517578
13.873332977294922
9.279999732971191
7.7133331298828125
10.979999542236328
11.119999885559082
10.286666870117188
7.440000057220459
7.559999942779541
8.106666564941406
5.2866668701171875
7.113333225250244
6.106666564941406
7.813333511352539
6.900000095367432
9.726666450500488
9.859999656677246
15.899999618530273
7.246666431427002
8.920000076293945
9.046667098999023
7.320000171661377
8.473333358764648
7.360000133514404
8.893333435058594
10.286666870117188
10.239999771118164
15.646666526794434
15.733333587646484
17.47333335876465
18.81999969482422
20.03333282470703
12.34666633605957
14.5
13.113333702087402
12.359999656677246
11.166666984558105
13.146666526794434
10.953332901000977
11.420000076293945
13.260000228881836
15.15333366394043
14.393333435058594
12.539999961853027
15.119999885559082
16.546667098999023
16.020000457763672
10.65999984741211
12.306666374206543
12.09333324432373
12.119999885559082
10.539999961853027
10.619999885559082
10.600000381469727
12.426666259765625
13.0
12.84666633605957
11.359999656677246
9.319999694824219
8.34666633605957
8.233333587646484
7.940000057220459
6.619999885559082
5.679999828338623
6.726666450500488
6.9066667556762695
6.566666603088379
