11.069231033325195
6.1769232749938965
6.199999809265137
9.269230842590332
9.476922988891602
8.723076820373535
9.823077201843262
8.815384864807129
4.807692527770996
7.023077011108398
6.846153736114502
7.069230556488037
7.57692289352417
6.784615516662598
6.461538314819336
6.376923084259033
7.392307758331299
6.661538600921631
6.546154022216797
8.315384864807129
13.315384864807129
13.992307662963867
8.569231033325195
9.684615135192871
10.20769214630127
8.79230785369873
7.230769157409668
8.584615707397461
8.684615135192871
11.10769271850586
11.89230728149414
14.023077011108398
12.853846549987793
12.5
7.976922988891602
8.038461685180664
6.961538314819336
7.830769062042236
8.376922607421875
8.269230842590332
8.815384864807129
8.723076820373535
7.953845977783203
8.269230842590332
6.523077011108398
7.223076820373535
6.876923084259033
6.469230651855469
6.976922988891602
5.853846073150635
6.469230651855469
8.676922798156738
8.638461112976074
11.138461112976074
9.961538314819336
11.061538696289062
12.684615135192871
12.184615135192871
12.315384864807129
12.015384674072266
12.05384635925293
12.34615421295166
12.146153450012207
11.192307472229004
9.600000381469727
10.992307662963867
9.253846168518066
10.676922798156738
9.492307662963867
11.746153831481934
12.092308044433594
10.046154022216797
10.023077011108398
9.692307472229004
12.830769538879395
9.823077201843262
11.34615421295166
10.623077392578125
12.984615325927734
15.192307472229004
14.984615325927734
14.215384483337402
13.84615421295166
12.2615385055542
11.861538887023926
12.492307662963867
12.369231224060059
10.507692337036133
12.29230785369873
11.923076629638672
11.769230842590332
12.876922607421875
10.300000190734863
11.523077011108398
12.29230785369873
10.976922988891602
8.623077392578125
9.623077392578125
8.484615325927734
8.2615385055542
