8.046154022216797
9.415384292602539
9.023077011108398
12.938461303710938
12.584615707397461
15.05384635925293
14.253846168518066
16.83846092224121
16.44615364074707
20.576923370361328
20.923076629638672
22.615385055541992
25.069231033325195
32.838462829589844
34.07692337036133
38.35384750366211
40.592308044433594
38.484615325927734
42.20769119262695
43.69230651855469
45.56153869628906
41.53845977783203
43.82307815551758
44.81538391113281
45.730770111083984
46.338462829589844
47.81538391113281
48.20000076293945
48.80769348144531
49.761539459228516
51.0076904296875
52.269229888916016
49.63846206665039
49.9538459777832
49.876922607421875
51.74615478515625
52.32307815551758
52.338462829589844
51.907691955566406
53.27692413330078
53.14615249633789
53.91538619995117
54.015384674072266
56.14615249633789
54.523075103759766
56.33076858520508
56.092308044433594
57.869232177734375
58.153846740722656
59.21538543701172
58.61538314819336
59.661537170410156
59.22307586669922
57.96154022216797
59.338462829589844
59.730770111083984
60.81538391113281
61.19230651855469
60.630767822265625
60.015384674072266
59.9461555480957
60.53845977783203
60.60769271850586
61.123077392578125
61.07692337036133
61.161537170410156
60.592308044433594
60.83076858520508
60.623077392578125
60.599998474121094
60.88461685180664
61.4461555480957
61.18461608886719
60.738460540771484
61.19230651855469
60.78461456298828
61.46154022216797
62.0
61.78461456298828
61.476924896240234
62.015384674072266
62.56922912597656
62.24615478515625
62.14615249633789
62.32307815551758
61.976924896240234
62.484615325927734
62.79230880737305
62.4461555480957
62.07692337036133
62.41538619995117
62.79999923706055
63.015384674072266
63.42307662963867
63.599998474121094
63.75384521484375
63.80769348144531
63.79999923706055
64.06153869628906
64.015380859375
