10.076190948486328
13.266666412353516
9.45714282989502
13.495238304138184
10.771428108215332
19.828571319580078
21.095237731933594
30.295238494873047
31.14285659790039
36.13333511352539
36.5523796081543
42.31428527832031
37.24761962890625
48.161903381347656
45.123809814453125
46.30476379394531
42.657142639160156
49.019046783447266
51.17142868041992
55.91428756713867
52.619049072265625
57.68571472167969
55.81904602050781
55.53333282470703
57.599998474121094
60.03809356689453
56.36190414428711
60.009525299072266
59.0
55.10476303100586
57.400001525878906
57.75238037109375
62.095237731933594
60.409523010253906
57.019046783447266
58.733333587646484
57.94285583496094
55.876190185546875
55.58095169067383
56.266666412353516
58.07619094848633
57.20000076293945
57.266666412353516
59.380950927734375
58.24761962890625
58.619049072265625
57.380950927734375
59.80952453613281
60.33333206176758
63.4476203918457
62.409523010253906
62.88571548461914
63.97142791748047
64.43809509277344
63.28571319580078
62.97142791748047
62.5428581237793
62.228572845458984
62.5523796081543
63.21904754638672
63.69523620605469
64.92381286621094
65.0952377319336
65.06666564941406
64.23809814453125
63.4952392578125
63.904762268066406
64.86666870117188
64.07618713378906
65.64762115478516
63.9523811340332
63.980953216552734
64.03809356689453
63.514286041259766
62.96190643310547
64.96190643310547
65.15238189697266
65.47618865966797
66.43809509277344
65.80000305175781
65.76190185546875
64.65714263916016
62.266666412353516
61.838096618652344
62.123809814453125
61.30476379394531
61.18095397949219
63.43809509277344
65.23809814453125
64.43809509277344
64.92381286621094
65.11428833007812
63.64761734008789
64.87619018554688
65.68571472167969
66.1047592163086
65.74285888671875
65.65714263916016
67.04762268066406
66.35237884521484
