9.90999984741211
13.479999542236328
11.180000305175781
16.790000915527344
14.260000228881836
24.219999313354492
23.75
34.970001220703125
37.22999954223633
49.459999084472656
43.279998779296875
53.650001525878906
48.47999954223633
57.68000030517578
55.09000015258789
58.68000030517578
55.65999984741211
59.52000045776367
59.2400016784668
61.4900016784668
59.33000183105469
64.0199966430664
61.36000061035156
63.02000045776367
60.86000061035156
63.88999938964844
61.810001373291016
66.19000244140625
64.7300033569336
66.16999816894531
66.3499984741211
70.0199966430664
68.4800033569336
72.58000183105469
70.75
73.12000274658203
71.29000091552734
73.72000122070312
71.31999969482422
75.36000061035156
73.16999816894531
75.77999877929688
72.86000061035156
76.77999877929688
74.2300033569336
77.9000015258789
75.19000244140625
78.3499984741211
75.95999908447266
79.47000122070312
77.45999908447266
79.8499984741211
78.44000244140625
80.47000122070312
78.25
80.08999633789062
78.26000213623047
80.1500015258789
79.08999633789062
80.37999725341797
79.87000274658203
81.26000213623047
81.08000183105469
81.66000366210938
80.88999938964844
81.88999938964844
80.80000305175781
81.98999786376953
80.79000091552734
82.26000213623047
81.26000213623047
82.5199966430664
81.70999908447266
83.05000305175781
82.20999908447266
83.38999938964844
82.66999816894531
83.66000366210938
82.94000244140625
83.88999938964844
83.30000305175781
84.1500015258789
83.30000305175781
84.44999694824219
83.7300033569336
84.66000366210938
84.33999633789062
84.76000213623047
84.62000274658203
84.66999816894531
84.45999908447266
84.4800033569336
84.44000244140625
84.9800033569336
84.73999786376953
85.05999755859375
85.0
85.30000305175781
84.83999633789062
85.58999633789062
