10.017391204833984
14.65217399597168
8.634782791137695
16.339130401611328
10.060869216918945
20.713043212890625
20.92173957824707
32.017391204833984
30.147825241088867
35.07826232910156
33.96521759033203
39.06956481933594
34.3739128112793
45.34782791137695
41.565216064453125
42.747825622558594
39.20000076293945
45.165218353271484
47.130435943603516
51.895652770996094
48.860870361328125
53.704349517822266
51.6695671081543
52.23478317260742
53.443477630615234
55.139129638671875
51.50434875488281
54.84347915649414
53.91304397583008
50.51304244995117
52.61738967895508
53.260868072509766
57.06087112426758
55.49565124511719
52.252174377441406
53.93043518066406
53.19130325317383
51.33913040161133
51.02608871459961
51.80869674682617
53.26956558227539
52.48695755004883
52.50434875488281
54.48695755004883
53.33913040161133
53.826087951660156
52.6260871887207
55.09565353393555
55.49565124511719
58.27825927734375
57.19130325317383
57.75652313232422
58.704349517822266
59.20000076293945
58.043479919433594
57.80869674682617
57.321739196777344
57.03478240966797
57.400001525878906
58.139129638671875
58.49565124511719
59.7739143371582
59.92173767089844
59.956520080566406
59.02608871459961
58.286956787109375
58.64347839355469
59.50434875488281
58.704349517822266
60.20000076293945
58.53913116455078
58.599998474121094
58.63478088378906
58.139129638671875
57.58260726928711
59.45217514038086
59.68695831298828
60.07826232910156
60.96521759033203
60.321739196777344
60.27825927734375
59.15652084350586
56.93912887573242
56.60869598388672
56.79999923706055
56.12173843383789
55.93912887573242
58.06956481933594
59.7739143371582
59.043479919433594
59.38261032104492
59.53913116455078
58.20000076293945
59.39130401611328
60.104347229003906
60.51304244995117
60.18260955810547
60.08695602416992
61.34782791137695
60.78260803222656
