12.866666793823242
8.704761505126953
12.371428489685059
10.45714282989502
13.60952377319336
15.876190185546875
15.076190948486328
20.27618980407715
21.238094329833984
19.561904907226562
25.72381019592285
22.761905670166016
21.647619247436523
18.209524154663086
23.104761123657227
20.457143783569336
16.904762268066406
14.209524154663086
15.438095092773438
19.78095245361328
17.438095092773438
17.952381134033203
18.019046783447266
17.05714225769043
16.676191329956055
16.733333587646484
17.704761505126953
14.552380561828613
19.39047622680664
15.819047927856445
16.923809051513672
16.923809051513672
14.352380752563477
14.752381324768066
13.295238494873047
15.399999618530273
19.53333282470703
20.619047164916992
19.238094329833984
17.285715103149414
19.380952835083008
16.542856216430664
15.771428108215332
13.323809623718262
15.038095474243164
14.838095664978027
16.733333587646484
14.666666984558105
13.904762268066406
17.200000762939453
13.104762077331543
14.733333587646484
11.209524154663086
11.600000381469727
12.638094902038574
13.800000190734863
12.866666793823242
13.476190567016602
13.123809814453125
11.2380952835083
14.019047737121582
12.54285717010498
11.942856788635254
11.7619047164917
11.54285717010498
12.399999618530273
14.30476188659668
12.466666221618652
12.961904525756836
13.285714149475098
13.095237731933594
14.038095474243164
15.219047546386719
13.914285659790039
13.857142448425293
11.352380752563477
9.942856788635254
10.619047164916992
9.466666221618652
11.123809814453125
11.333333015441895
8.209524154663086
8.504761695861816
11.895237922668457
11.628571510314941
10.514286041259766
10.428571701049805
9.952381134033203
12.038095474243164
10.171428680419922
11.114285469055176
11.704761505126953
11.123809814453125
10.171428680419922
10.514286041259766
11.076190948486328
11.333333015441895
12.676190376281738
12.54285717010498
12.628571510314941
