10.838095664978027
9.60952377319336
9.171428680419922
10.0
12.495238304138184
11.333333015441895
13.39047622680664
12.809523582458496
13.647619247436523
16.485713958740234
15.323809623718262
12.39047622680664
12.438095092773438
11.371428489685059
12.266666412353516
13.790475845336914
11.800000190734863
9.361905097961426
9.438095092773438
7.742856979370117
6.323809623718262
8.019047737121582
10.352380752563477
8.619047164916992
12.866666793823242
13.552380561828613
12.466666221618652
10.69523811340332
9.038095474243164
9.971428871154785
10.971428871154785
16.380952835083008
14.047618865966797
13.990476608276367
12.504761695861816
12.533333778381348
8.54285717010498
11.838095664978027
15.133333206176758
13.438095092773438
14.228571891784668
11.476190567016602
11.123809814453125
13.552380561828613
12.514286041259766
12.69523811340332
11.69523811340332
12.752381324768066
10.428571701049805
12.180952072143555
10.923809051513672
12.69523811340332
12.095237731933594
10.60952377319336
12.361905097961426
12.009523391723633
11.399999618530273
11.019047737121582
10.742856979370117
10.380952835083008
11.361905097961426
11.399999618530273
11.352380752563477
11.219047546386719
12.30476188659668
12.285714149475098
10.780952453613281
10.209524154663086
8.857142448425293
8.923809051513672
10.380952835083008
9.361905097961426
11.2380952835083
8.476190567016602
9.723809242248535
6.800000190734863
8.857142448425293
10.085714340209961
9.561904907226562
9.285714149475098
10.685714721679688
11.247618675231934
12.600000381469727
14.647619247436523
14.466666221618652
15.571428298950195
13.380952835083008
14.15238094329834
11.247618675231934
13.15238094329834
14.066666603088379
14.45714282989502
15.39047622680664
14.314285278320312
15.076190948486328
17.171428680419922
15.600000381469727
17.08571434020996
19.009523391723633
18.895238876342773
