7.815384387969971
8.769230842590332
9.061538696289062
11.399999618530273
11.561538696289062
13.961538314819336
15.130768775939941
16.80769157409668
18.238462448120117
23.076923370361328
25.25384521484375
28.22307777404785
31.069231033325195
38.88461685180664
39.32307815551758
42.81538391113281
43.099998474121094
43.92307662963867
44.730770111083984
46.592308044433594
45.53076934814453
45.42307662963867
45.75384521484375
48.661537170410156
47.900001525878906
49.230770111083984
49.623077392578125
51.261539459228516
49.96154022216797
51.407691955566406
52.153846740722656
53.58461380004883
51.16923141479492
53.24615478515625
51.67692184448242
54.25384521484375
54.30769348144531
55.10769271850586
54.4461555480957
56.08461380004883
55.738460540771484
57.66923141479492
57.20000076293945
59.4461555480957
56.984615325927734
59.484615325927734
58.92307662963867
60.261539459228516
60.023075103759766
60.88461685180664
60.338462829589844
61.03845977783203
61.07692337036133
59.869232177734375
61.18461608886719
61.9461555480957
62.123077392578125
62.484615325927734
62.261539459228516
61.9923095703125
61.369232177734375
62.56153869628906
62.261539459228516
62.72307586669922
62.976924896240234
62.769229888916016
62.61538314819336
62.61538314819336
62.4461555480957
62.53076934814453
62.984615325927734
63.29230880737305
63.03845977783203
62.75384521484375
63.20000076293945
62.69230651855469
63.29230880737305
63.484615325927734
63.5
63.31538391113281
63.72307586669922
64.04615020751953
63.83076858520508
64.04615020751953
64.36154174804688
64.33846282958984
64.46923065185547
64.9076919555664
64.43077087402344
64.69999694824219
64.47692108154297
64.82307434082031
64.94615173339844
65.26153564453125
65.23846435546875
65.6076889038086
65.5076904296875
65.5076904296875
65.5923080444336
65.53845977783203
