8.44347858428955
8.513043403625488
8.573912620544434
9.226086616516113
9.92173957824707
11.8695650100708
12.626087188720703
17.30434799194336
17.286956787109375
20.504348754882812
23.930435180664062
31.417390823364258
27.373912811279297
38.895652770996094
36.91304397583008
43.165218353271484
42.6260871887207
49.286956787109375
49.09565353393555
51.53913116455078
52.80869674682617
51.79999923706055
53.97391128540039
52.91304397583008
53.321739196777344
52.92173767089844
56.043479919433594
52.7739143371582
55.713043212890625
53.68695831298828
56.599998474121094
56.295650482177734
57.87826156616211
57.05217361450195
58.35652160644531
56.6260871887207
58.35652160644531
57.400001525878906
59.30434799194336
59.400001525878906
59.6260871887207
58.704349517822266
61.94782638549805
60.33913040161133
61.91304397583008
60.295650482177734
62.12173843383789
59.991302490234375
61.48695755004883
60.400001525878906
61.60869598388672
60.895652770996094
62.591304779052734
61.49565124511719
62.79999923706055
61.443477630615234
63.956520080566406
63.51304244995117
64.63478088378906
63.79130554199219
64.36521911621094
63.7739143371582
64.6608657836914
64.71304321289062
66.05217742919922
65.2521743774414
66.81739044189453
64.86956787109375
66.92173767089844
65.80000305175781
66.84347534179688
66.43478393554688
66.84347534179688
66.6956558227539
68.00869750976562
67.96521759033203
68.62608337402344
67.82608795166016
68.58261108398438
68.01739501953125
69.20869445800781
68.80000305175781
69.22608947753906
68.9565200805664
69.57391357421875
69.6608657836914
69.66956329345703
69.08695983886719
70.88695526123047
70.16521453857422
70.05217742919922
69.295654296875
70.4521713256836
69.96521759033203
70.75652313232422
69.75652313232422
70.79130554199219
70.23477935791016
70.50434875488281
70.73043823242188
