4.146666526794434
6.940000057220459
6.460000038146973
6.21999979019165
6.886666774749756
9.893333435058594
6.493333339691162
7.099999904632568
6.933333396911621
7.493333339691162
7.753333568572998
8.073333740234375
12.479999542236328
13.460000038146973
11.859999656677246
14.013333320617676
13.493332862854004
11.359999656677246
12.380000114440918
14.013333320617676
15.886666297912598
14.5
13.146666526794434
12.433333396911621
11.09333324432373
13.039999961853027
13.466666221618652
12.266666412353516
12.300000190734863
16.18000030517578
16.746665954589844
12.199999809265137
13.5600004196167
13.366666793823242
12.539999961853027
11.833333015441895
10.773333549499512
11.833333015441895
13.986666679382324
12.266666412353516
12.286666870117188
12.273333549499512
11.133333206176758
10.0
11.126667022705078
11.399999618530273
10.90666675567627
11.239999771118164
11.986666679382324
13.380000114440918
13.966666221618652
12.0600004196167
11.59333324432373
11.886666297912598
11.319999694824219
11.779999732971191
11.180000305175781
12.399999618530273
11.680000305175781
10.859999656677246
12.25333309173584
12.986666679382324
13.300000190734863
12.673333168029785
12.859999656677246
10.933333396911621
10.113333702087402
11.40666675567627
12.15333366394043
10.066666603088379
10.693333625793457
10.866666793823242
8.866666793823242
9.640000343322754
8.960000038146973
9.213333129882812
9.359999656677246
10.579999923706055
9.680000305175781
14.573333740234375
11.08666706085205
12.673333168029785
11.066666603088379
12.273333549499512
11.933333396911621
14.073333740234375
11.453332901000977
12.786666870117188
11.84666633605957
12.579999923706055
11.486666679382324
9.786666870117188
10.573333740234375
9.353333473205566
10.393333435058594
9.84000015258789
9.619999885559082
8.979999542236328
7.420000076293945
8.113333702087402
