16.34782600402832
9.747825622558594
7.278260707855225
9.373912811279297
6.539130210876465
8.626087188720703
8.408695220947266
9.90434741973877
12.843478202819824
16.069564819335938
13.686956405639648
12.608695983886719
11.408695220947266
10.147826194763184
10.104348182678223
10.73043441772461
9.782608985900879
5.765217304229736
9.1304349899292
9.686956405639648
7.695652008056641
11.591304779052734
10.52173900604248
10.008695602416992
10.460869789123535
9.834782600402832
9.034782409667969
9.034782409667969
10.321739196777344
10.052173614501953
9.739130020141602
4.695652008056641
7.721739292144775
4.834782600402832
6.843478202819824
6.08695650100708
6.991304397583008
13.643478393554688
12.565217018127441
15.17391300201416
11.791304588317871
10.895651817321777
11.565217018127441
10.086956977844238
9.73043441772461
8.339130401611328
8.756522178649902
10.65217399597168
12.44347858428955
15.086956977844238
14.182608604431152
12.034782409667969
12.660869598388672
14.1304349899292
12.92173957824707
14.043478012084961
17.799999237060547
18.80869483947754
19.22608757019043
18.80869483947754
16.869565963745117
17.60869598388672
16.669565200805664
15.791304588317871
15.991304397583008
11.165217399597168
12.600000381469727
13.434782981872559
13.956521987915039
12.034782409667969
15.504347801208496
12.878260612487793
14.417391777038574
14.704347610473633
15.843478202819824
19.234783172607422
21.634782791137695
22.19130516052246
22.721738815307617
19.991304397583008
18.086956024169922
20.095651626586914
22.65217399597168
25.026086807250977
25.69565200805664
29.217391967773438
28.643478393554688
22.756521224975586
22.582609176635742
22.930435180664062
20.904348373413086
20.930435180664062
18.19130516052246
18.208696365356445
19.434782028198242
21.252174377441406
18.83478355407715
21.486955642700195
19.660869598388672
17.34782600402832
