10.039999961853027
10.09000015258789
9.609999656677246
11.1899995803833
11.210000038146973
12.100000381469727
14.09000015258789
13.770000457763672
14.579999923706055
16.84000015258789
17.979999542236328
11.9399995803833
11.09000015258789
8.0
10.010000228881836
12.710000038146973
10.199999809265137
8.880000114440918
11.229999542236328
8.329999923706055
6.889999866485596
8.6899995803833
8.890000343322754
8.050000190734863
11.399999618530273
11.039999961853027
10.890000343322754
10.229999542236328
10.680000305175781
12.510000228881836
12.0600004196167
15.630000114440918
14.600000381469727
15.449999809265137
14.119999885559082
14.220000267028809
13.119999885559082
14.399999618530273
14.930000305175781
15.260000228881836
15.050000190734863
12.890000343322754
12.369999885559082
15.260000228881836
14.34000015258789
13.489999771118164
12.6899995803833
14.65999984741211
11.390000343322754
12.9399995803833
11.5600004196167
12.59000015258789
13.279999732971191
11.479999542236328
12.510000228881836
12.399999618530273
13.3100004196167
11.979999542236328
12.609999656677246
11.079999923706055
12.699999809265137
12.15999984741211
12.880000114440918
13.539999961853027
14.319999694824219
14.100000381469727
12.34000015258789
13.4399995803833
12.170000076293945
12.029999732971191
12.489999771118164
9.300000190734863
9.649999618530273
8.350000381469727
9.75
8.289999961853027
10.109999656677246
10.260000228881836
11.40999984741211
14.050000190734863
15.350000381469727
15.760000228881836
16.489999771118164
17.049999237060547
16.760000228881836
18.3700008392334
17.270000457763672
16.510000228881836
13.3100004196167
14.800000190734863
16.40999984741211
15.619999885559082
16.610000610351562
16.06999969482422
15.0600004196167
15.770000457763672
15.0
16.309999465942383
18.40999984741211
19.1299991607666
