9.504761695861816
9.60952377319336
9.638094902038574
11.485713958740234
10.161904335021973
11.552380561828613
13.180952072143555
13.342857360839844
17.02857208251953
17.685714721679688
18.742856979370117
11.104762077331543
10.752381324768066
10.704761505126953
12.619047164916992
15.342857360839844
11.800000190734863
8.504761695861816
11.30476188659668
8.085714340209961
6.819047451019287
9.228571891784668
9.228571891784668
8.676190376281738
11.333333015441895
10.742856979370117
12.019047737121582
10.028571128845215
11.323809623718262
13.45714282989502
12.142857551574707
14.676190376281738
14.047618865966797
15.514286041259766
14.571428298950195
15.257143020629883
15.076190948486328
15.209524154663086
14.647619247436523
14.133333206176758
14.019047737121582
12.914285659790039
12.323809623718262
14.495238304138184
14.257143020629883
13.600000381469727
13.085714340209961
15.438095092773438
11.199999809265137
13.019047737121582
11.495238304138184
11.657142639160156
12.990476608276367
11.733333587646484
12.199999809265137
12.733333587646484
13.685714721679688
11.752381324768066
12.857142448425293
11.171428680419922
13.590476036071777
12.771428108215332
13.523809432983398
13.228571891784668
13.790475845336914
14.190476417541504
13.580952644348145
14.228571891784668
13.571428298950195
13.952381134033203
13.295238494873047
9.990476608276367
10.504761695861816
9.69523811340332
11.314285278320312
10.723809242248535
12.104762077331543
10.828571319580078
12.723809242248535
15.285714149475098
15.199999809265137
14.923809051513672
16.238094329833984
16.85714340209961
16.600000381469727
19.0
17.97142791748047
15.095237731933594
12.2380952835083
14.057143211364746
14.485713958740234
13.228571891784668
14.019047737121582
14.600000381469727
12.69523811340332
13.657142639160156
12.380952835083008
14.333333015441895
16.038095474243164
17.171428680419922
