11.880000114440918
10.260000228881836
11.989999771118164
12.869999885559082
14.829999923706055
18.280000686645508
17.780000686645508
23.600000381469727
22.15999984741211
20.670000076293945
30.010000228881836
28.969999313354492
25.81999969482422
24.34000015258789
32.45000076293945
28.75
21.56999969482422
19.309999465942383
21.149999618530273
26.6299991607666
25.059999465942383
23.719999313354492
25.420000076293945
22.799999237060547
24.459999084472656
19.700000762939453
23.6200008392334
21.31999969482422
27.600000381469727
25.579999923706055
24.530000686645508
23.010000228881836
21.649999618530273
22.959999084472656
18.979999542236328
20.670000076293945
24.299999237060547
28.469999313354492
25.200000762939453
23.559999465942383
25.93000030517578
21.940000534057617
19.3700008392334
19.799999237060547
20.31999969482422
20.729999542236328
22.170000076293945
23.420000076293945
21.1200008392334
25.139999389648438
21.0
23.200000762939453
20.479999542236328
17.770000457763672
18.940000534057617
21.020000457763672
21.15999984741211
19.190000534057617
18.709999084472656
17.889999389648438
21.31999969482422
23.530000686645508
23.079999923706055
18.739999771118164
17.809999465942383
16.709999084472656
17.420000076293945
17.049999237060547
17.3799991607666
16.6200008392334
16.219999313354492
16.170000076293945
18.420000076293945
17.270000457763672
18.280000686645508
17.56999969482422
18.219999313354492
18.729999542236328
15.770000457763672
15.930000305175781
14.369999885559082
12.119999885559082
13.359999656677246
14.699999809265137
16.799999237060547
17.489999771118164
19.030000686645508
17.469999313354492
19.889999389648438
19.0
18.420000076293945
20.079999923706055
19.229999542236328
19.440000534057617
17.899999618530273
13.520000457763672
14.020000457763672
15.020000457763672
15.170000076293945
16.920000076293945
