6.599999904632568
6.3466668128967285
5.173333168029785
5.78000020980835
6.5333333015441895
5.460000038146973
7.860000133514404
6.353333473205566
6.326666831970215
6.9666666984558105
5.539999961853027
4.62666654586792
6.726666450500488
4.633333206176758
5.0933332443237305
4.926666736602783
6.360000133514404
5.7866668701171875
5.493333339691162
5.613333225250244
6.266666889190674
7.0333333015441895
8.526666641235352
5.793333530426025
5.506666660308838
5.1533331871032715
8.4399995803833
9.373332977294922
15.65333366394043
23.933332443237305
27.059999465942383
23.66666603088379
21.559999465942383
21.1200008392334
14.973333358764648
9.733333587646484
7.766666889190674
10.75333309173584
10.306666374206543
9.673333168029785
7.300000190734863
7.559999942779541
8.119999885559082
5.440000057220459
6.460000038146973
6.053333282470703
7.733333110809326
6.973333358764648
9.813333511352539
9.720000267028809
14.91333293914795
6.673333168029785
8.319999694824219
7.833333492279053
7.0333333015441895
7.840000152587891
7.1533331871032715
8.619999885559082
10.053333282470703
9.760000228881836
14.873332977294922
13.279999732971191
15.319999694824219
16.299999237060547
17.420000076293945
11.640000343322754
13.266666412353516
12.546667098999023
12.113333702087402
10.553333282470703
13.046667098999023
11.053333282470703
11.506667137145996
13.453332901000977
14.893333435058594
13.806666374206543
12.926666259765625
15.053333282470703
16.233333587646484
15.9399995803833
11.353333473205566
12.926666259765625
13.073333740234375
12.65999984741211
10.886666297912598
11.013333320617676
10.24666690826416
11.640000343322754
12.59333324432373
12.773333549499512
11.206666946411133
9.760000228881836
8.986666679382324
8.973333358764648
7.853333473205566
6.380000114440918
5.87333345413208
7.006666660308838
7.006666660308838
6.239999771118164
