5.426666736602783
8.233333587646484
7.619999885559082
9.066666603088379
8.606666564941406
11.526666641235352
11.206666946411133
12.546667098999023
10.146666526794434
12.693333625793457
16.219999313354492
19.899999618530273
19.03333282470703
20.106666564941406
19.893333435058594
18.360000610351562
18.606666564941406
21.50666618347168
22.780000686645508
26.52666664123535
26.219999313354492
30.02666664123535
31.513334274291992
33.66666793823242
32.18000030517578
33.87333297729492
31.286666870117188
31.866666793823242
33.06666564941406
34.08000183105469
36.540000915527344
38.5
38.46666717529297
38.573333740234375
37.14666748046875
37.51333236694336
39.06666564941406
39.46666717529297
37.31999969482422
37.900001525878906
38.40666580200195
40.2400016784668
42.14666748046875
44.53333282470703
43.7400016784668
44.540000915527344
44.7066650390625
44.540000915527344
46.27333450317383
47.0
48.086666107177734
47.893333435058594
49.2933349609375
49.08000183105469
49.02000045776367
48.18000030517578
48.099998474121094
47.88666534423828
47.71333312988281
48.35333251953125
49.6533317565918
50.11333465576172
50.95333480834961
50.393333435058594
51.2066650390625
49.246665954589844
49.893333435058594
49.813331604003906
50.40666580200195
51.02000045776367
52.106666564941406
50.37333297729492
51.86000061035156
51.61333465576172
51.939998626708984
51.68000030517578
53.106666564941406
53.56666564941406
53.560001373291016
52.766666412353516
52.88666534423828
53.073333740234375
53.33333206176758
52.87333297729492
53.16666793823242
52.99333190917969
53.560001373291016
53.69333267211914
53.56666564941406
54.233333587646484
53.67333221435547
54.00666809082031
54.17333221435547
53.98666763305664
54.7599983215332
54.6533317565918
54.6533317565918
54.91999816894531
55.48666763305664
54.96666717529297
