16.60869598388672
10.504347801208496
6.400000095367432
9.660869598388672
6.686956405639648
8.90434741973877
8.026086807250977
10.608695983886719
11.547825813293457
14.52173900604248
13.895651817321777
11.800000190734863
11.07826042175293
11.234782218933105
12.373912811279297
14.113043785095215
10.626087188720703
6.843478202819824
10.060869216918945
11.834782600402832
8.991304397583008
12.243477821350098
11.034782409667969
10.0
11.504347801208496
10.086956977844238
10.73043441772461
10.313043594360352
11.391304016113281
10.791304588317871
10.426087379455566
5.756521701812744
10.139130592346191
7.921739101409912
9.669565200805664
10.234782218933105
11.947826385498047
16.07826042175293
13.530434608459473
14.17391300201416
11.226086616516113
12.069564819335938
10.834782600402832
9.765217781066895
9.365217208862305
9.330434799194336
10.226086616516113
10.739130020141602
11.373912811279297
13.739130020141602
13.313043594360352
11.356521606445312
12.295652389526367
12.878260612487793
11.721738815307617
13.860869407653809
16.643478393554688
19.008695602416992
18.83478355407715
17.973913192749023
16.16521644592285
17.34782600402832
16.173913955688477
15.382608413696289
15.947826385498047
12.26956558227539
14.043478012084961
15.756522178649902
16.443477630615234
14.417391777038574
17.408695220947266
15.843478202819824
17.34782600402832
18.147825241088867
18.765216827392578
20.747825622558594
24.07826042175293
21.81739044189453
23.017391204833984
20.130434036254883
19.46086883544922
22.495651245117188
23.77391242980957
26.591304779052734
25.19130516052246
28.565217971801758
28.217391967773438
23.434782028198242
21.904348373413086
21.139129638671875
20.30434799194336
20.03478240966797
18.556522369384766
18.565217971801758
21.373912811279297
22.04347801208496
19.83478355407715
21.095651626586914
20.69565200805664
16.95652198791504
