9.713333129882812
16.8799991607666
6.619999885559082
22.906665802001953
8.40666675567627
23.053333282470703
20.700000762939453
35.586666107177734
27.793333053588867
32.439998626708984
27.413333892822266
31.239999771118164
27.35333251953125
38.526668548583984
32.880001068115234
34.246665954589844
30.65999984741211
35.560001373291016
37.11333465576172
41.720001220703125
39.56666564941406
43.939998626708984
41.48666763305664
43.18000030517578
42.86000061035156
43.026668548583984
39.619998931884766
42.27333450317383
41.4466667175293
39.17333221435547
40.926666259765625
42.13999938964844
44.80666732788086
43.41999816894531
40.68000030517578
42.3466682434082
41.540000915527344
40.13999938964844
39.753334045410156
40.686668395996094
41.35333251953125
40.720001220703125
40.72666549682617
42.5
41.27333450317383
42.11333465576172
41.00666809082031
43.56666564941406
43.65999984741211
45.686668395996094
44.526668548583984
45.17333221435547
45.71333312988281
46.33333206176758
45.073333740234375
45.073333740234375
44.473331451416016
44.233333587646484
44.70000076293945
45.753334045410156
45.95333480834961
47.18000030517578
47.1533317565918
47.63333511352539
46.2933349609375
45.540000915527344
45.7599983215332
46.32666778564453
45.51333236694336
46.766666412353516
45.36000061035156
45.313331604003906
45.37333297729492
44.939998626708984
44.5
45.939998626708984
46.266666412353516
46.720001220703125
47.53333282470703
46.83333206176758
46.779998779296875
45.68000030517578
44.02000045776367
43.80666732788086
43.813331604003906
43.439998626708984
43.19333267211914
44.893333435058594
46.253334045410156
45.720001220703125
45.86000061035156
45.99333190917969
44.86000061035156
46.04666519165039
46.45333480834961
46.913333892822266
46.586666107177734
46.48666763305664
47.473331451416016
47.060001373291016
