9.504761695861816
13.771428108215332
10.552380561828613
17.0
14.019047737121582
23.876190185546875
22.952381134033203
34.05714416503906
35.60952377319336
46.21904754638672
40.5428581237793
51.02857208251953
46.0
54.657142639160156
52.41904830932617
55.838096618652344
52.79047775268555
56.57143020629883
56.228572845458984
58.590476989746094
56.47618865966797
61.02857208251953
58.380950927734375
60.095237731933594
57.9523811340332
61.0
58.86666488647461
62.97142791748047
61.67618942260742
63.07619094848633
63.20952224731445
66.76190185546875
65.31428527832031
69.25714111328125
67.4952392578125
69.85713958740234
67.97142791748047
70.4095230102539
67.98094940185547
71.98094940185547
69.77143096923828
72.29523468017578
69.39047241210938
73.12380981445312
70.72380828857422
74.35237884521484
71.43809509277344
74.68571472167969
72.20952606201172
75.73332977294922
73.60952758789062
76.13333129882812
74.72380828857422
76.79047393798828
74.4857177734375
76.46666717529297
74.65714263916016
76.46666717529297
75.65714263916016
76.80000305175781
76.22856903076172
77.67619323730469
77.38095092773438
78.11428833007812
77.17142486572266
78.16190338134766
77.13333129882812
78.18095397949219
77.13333129882812
78.5047607421875
77.57142639160156
78.68571472167969
77.85713958740234
79.19047546386719
78.33333587646484
79.5142822265625
78.79047393798828
79.74285888671875
79.15238189697266
80.14286041259766
79.56190490722656
80.36190795898438
79.54285430908203
80.71428680419922
80.11428833007812
80.85713958740234
80.4952392578125
80.9047622680664
80.81904602050781
80.80000305175781
80.68571472167969
80.68571472167969
80.67619323730469
81.20952606201172
80.9047622680664
81.32380676269531
81.18095397949219
81.56190490722656
81.06666564941406
81.78095245361328
