10.539999961853027
10.100000381469727
9.789999961853027
10.390000343322754
14.529999732971191
11.6899995803833
13.59000015258789
13.199999809265137
12.569999694824219
14.649999618530273
13.949999809265137
12.359999656677246
11.239999771118164
7.860000133514404
9.010000228881836
10.579999923706055
9.609999656677246
10.59000015258789
9.890000343322754
8.380000114440918
6.440000057220459
8.4399995803833
10.850000381469727
9.239999771118164
12.399999618530273
14.220000267028809
13.90999984741211
12.279999732971191
10.260000228881836
10.260000228881836
12.619999885559082
17.989999771118164
15.680000305175781
15.289999961853027
13.460000038146973
13.399999618530273
8.130000114440918
11.949999809265137
15.800000190734863
13.34000015258789
12.970000267028809
10.579999923706055
10.770000457763672
12.3100004196167
11.920000076293945
12.020000457763672
12.0
12.789999961853027
10.680000305175781
12.479999542236328
11.449999809265137
12.5
10.880000114440918
10.239999771118164
11.510000228881836
11.6899995803833
10.6899995803833
10.539999961853027
10.130000114440918
9.970000267028809
10.970000267028809
10.649999618530273
11.050000190734863
10.460000038146973
10.199999809265137
10.140000343322754
9.40999984741211
9.510000228881836
9.600000381469727
9.539999961853027
10.920000076293945
11.050000190734863
11.260000228881836
10.029999732971191
11.880000114440918
9.729999542236328
11.039999961853027
10.5
10.09000015258789
9.539999961853027
10.430000305175781
10.949999809265137
11.90999984741211
14.390000343322754
14.880000114440918
15.850000381469727
12.460000038146973
13.220000267028809
9.84000015258789
12.479999542236328
13.119999885559082
14.359999656677246
14.4399995803833
13.869999885559082
15.5600004196167
14.970000267028809
12.569999694824219
14.069999694824219
16.860000610351562
16.40999984741211
