7.340000152587891
5.613333225250244
5.460000038146973
5.953333377838135
6.960000038146973
5.313333511352539
8.579999923706055
6.493333339691162
6.293333530426025
6.973333358764648
6.039999961853027
5.880000114440918
7.6533331871032715
5.226666450500488
5.053333282470703
5.179999828338623
6.326666831970215
5.526666641235352
5.026666641235352
5.586666584014893
7.260000228881836
7.7866668701171875
9.680000305175781
6.113333225250244
5.606666564941406
5.380000114440918
9.186666488647461
10.026666641235352
17.47333335876465
25.906665802001953
28.83333396911621
22.420000076293945
21.093334197998047
20.753334045410156
14.206666946411133
9.680000305175781
7.559999942779541
10.039999961853027
9.493332862854004
9.140000343322754
7.173333168029785
7.826666831970215
8.140000343322754
5.893333435058594
6.920000076293945
6.613333225250244
7.820000171661377
7.4666666984558105
9.59333324432373
9.353333473205566
14.0
6.159999847412109
8.020000457763672
7.239999771118164
6.633333206176758
7.980000019073486
7.306666851043701
9.126667022705078
10.266666412353516
9.873332977294922
13.853333473205566
12.15333366394043
13.613333702087402
13.813333511352539
15.313333511352539
10.65333366394043
12.100000381469727
11.793333053588867
12.59333324432373
10.673333168029785
13.353333473205566
11.853333473205566
11.793333053588867
14.173333168029785
14.359999656677246
13.020000457763672
12.933333396911621
14.800000190734863
15.513333320617676
15.9399995803833
12.573333740234375
13.779999732971191
13.813333511352539
13.106666564941406
11.90666675567627
12.039999961853027
10.819999694824219
12.293333053588867
12.59333324432373
12.893333435058594
11.313333511352539
10.606666564941406
9.353333473205566
9.373332977294922
8.073333740234375
6.62666654586792
7.273333549499512
7.7133331298828125
7.506666660308838
6.71999979019165
