8.44347858428955
8.591304779052734
9.052173614501953
10.73043441772461
11.252174377441406
14.547825813293457
14.295652389526367
19.173913955688477
17.973913192749023
20.365217208862305
24.69565200805664
32.06087112426758
27.53043556213379
36.66086959838867
34.42608642578125
38.72174072265625
38.68695831298828
44.36521911621094
45.84347915649414
49.286956787109375
51.956520080566406
49.76521682739258
51.991302490234375
51.6260871887207
52.826087951660156
52.3304328918457
54.36521911621094
50.90434646606445
53.982608795166016
51.8521728515625
55.008697509765625
54.61738967895508
55.834781646728516
55.12173843383789
55.36521911621094
53.84347915649414
54.65217208862305
53.96521759033203
55.982608795166016
55.36521911621094
56.30434799194336
56.6260871887207
59.286956787109375
58.139129638671875
59.53913116455078
58.23478317260742
60.017391204833984
58.06956481933594
59.20869445800781
58.48695755004883
59.08695602416992
58.556522369384766
60.6695671081543
60.130435943603516
60.97391128540039
59.53913116455078
61.991302490234375
61.860870361328125
63.0
61.713043212890625
62.66086959838867
62.06956481933594
62.76521682739258
63.39130401611328
64.57391357421875
63.23478317260742
64.86956787109375
63.139129638671875
65.64347839355469
64.58261108398438
65.72174072265625
64.8956527709961
65.34782409667969
65.2521743774414
66.90435028076172
67.01739501953125
67.80000305175781
67.41738891601562
67.86087036132812
66.97391510009766
67.91304016113281
68.01739501953125
68.13912963867188
68.00869750976562
68.5478286743164
68.79130554199219
68.40869903564453
67.63478088378906
69.51304626464844
68.46086883544922
68.704345703125
68.16521453857422
68.86087036132812
68.41738891601562
69.15652465820312
68.53913116455078
69.65217590332031
68.90435028076172
69.38260650634766
69.62608337402344
