15.199999809265137
9.495652198791504
7.443478107452393
9.199999809265137
6.313043594360352
8.34782600402832
8.44347858428955
9.504347801208496
13.504347801208496
16.243478775024414
13.617391586303711
12.65217399597168
11.704347610473633
9.65217399597168
9.513043403625488
9.591304779052734
9.17391300201416
6.34782600402832
9.034782409667969
8.417391777038574
6.800000190734863
10.626087188720703
10.286956787109375
10.026086807250977
10.052173614501953
9.765217781066895
8.486956596374512
8.339130401611328
10.052173614501953
10.156521797180176
9.782608985900879
4.782608509063721
6.713043689727783
3.8521738052368164
6.234782695770264
4.1043477058410645
5.443478107452393
11.426087379455566
10.860869407653809
13.947826385498047
11.52173900604248
9.773913383483887
10.973913192749023
9.704347610473633
9.886956214904785
8.686956405639648
7.7739129066467285
11.365217208862305
13.947826385498047
14.660869598388672
13.191304206848145
11.356521606445312
12.339130401611328
13.426087379455566
13.626087188720703
14.426087379455566
17.03478240966797
17.026086807250977
18.660869598388672
18.69565200805664
18.173913955688477
19.017391204833984
18.026086807250977
16.96521759033203
16.286956787109375
11.495652198791504
11.573912620544434
12.008695602416992
12.417391777038574
11.408695220947266
14.44347858428955
11.513043403625488
13.852173805236816
13.339130401611328
15.800000190734863
19.65217399597168
19.104347229003906
21.18260955810547
20.2608699798584
18.321739196777344
18.452173233032227
20.57391357421875
20.278261184692383
21.19130516052246
22.791303634643555
25.486955642700195
27.095651626586914
22.913043975830078
22.782608032226562
23.330434799194336
22.34782600402832
22.208696365356445
19.0
19.73043441772461
20.443477630615234
22.87826156616211
21.286956787109375
23.252174377441406
20.765216827392578
19.295652389526367
