6.659999847412109
8.760000228881836
6.920000076293945
5.553333282470703
6.28000020980835
6.886666774749756
6.753333568572998
6.566666603088379
5.559999942779541
5.8466668128967285
4.106666564941406
2.8533332347869873
5.246666431427002
4.586666584014893
5.820000171661377
4.639999866485596
6.566666603088379
6.539999961853027
6.453333377838135
6.62666654586792
6.393333435058594
5.840000152587891
8.279999732971191
6.893333435058594
6.619999885559082
6.3466668128967285
8.733333587646484
8.993332862854004
9.946666717529297
12.486666679382324
17.50666618347168
18.84666633605957
11.279999732971191
11.0600004196167
7.840000152587891
7.300000190734863
6.693333148956299
7.506666660308838
9.24666690826416
9.286666870117188
7.473333358764648
8.199999809265137
7.920000076293945
5.913333415985107
8.513333320617676
6.746666431427002
7.933333396911621
7.079999923706055
9.180000305175781
10.686666488647461
17.453332901000977
9.300000190734863
11.486666679382324
13.100000381469727
10.993332862854004
11.386666297912598
9.893333435058594
10.5
11.819999694824219
12.020000457763672
18.520000457763672
20.34000015258789
22.420000076293945
24.393333435058594
25.8266658782959
17.600000381469727
18.100000381469727
17.059999465942383
16.286666870117188
14.953332901000977
16.546667098999023
13.126667022705078
12.833333015441895
15.033333778381348
17.706666946411133
17.893333435058594
14.779999732971191
18.459999084472656
19.84000015258789
20.780000686645508
15.286666870117188
17.293333053588867
14.520000457763672
15.326666831970215
12.206666946411133
12.800000190734863
13.239999771118164
17.579999923706055
17.959999084472656
17.00666618347168
14.533333778381348
11.279999732971191
8.739999771118164
8.493332862854004
9.006667137145996
7.0333333015441895
6.12666654586792
7.066666603088379
6.933333396911621
7.260000228881836
