10.219047546386719
9.60952377319336
9.038095474243164
10.276190757751465
11.009523391723633
11.466666221618652
13.552380561828613
12.952381134033203
14.647619247436523
17.152381896972656
16.66666603088379
12.266666412353516
12.504761695861816
11.104762077331543
12.276190757751465
14.180952072143555
11.723809242248535
8.819047927856445
10.104762077331543
7.666666507720947
6.495238304138184
8.466666221618652
10.019047737121582
8.723809242248535
12.876190185546875
12.39047622680664
11.7619047164917
9.866666793823242
9.580952644348145
10.876190185546875
11.495238304138184
15.523809432983398
13.885714530944824
14.228571891784668
12.819047927856445
13.028571128845215
10.276190757751465
12.466666221618652
15.057143211364746
14.257143020629883
14.466666221618652
12.219047546386719
11.866666793823242
14.180952072143555
13.247618675231934
13.019047737121582
11.885714530944824
13.561904907226562
10.780952453613281
12.285714149475098
11.104762077331543
12.657142639160156
12.914285659790039
11.399999618530273
12.438095092773438
12.133333206176758
12.476190567016602
11.69523811340332
11.514286041259766
10.876190185546875
12.133333206176758
11.828571319580078
12.114285469055176
12.600000381469727
13.685714721679688
13.733333587646484
11.866666793823242
12.0
10.39047622680664
10.247618675231934
11.30476188659668
8.580952644348145
10.114285469055176
7.780952453613281
8.876190185546875
6.790476322174072
8.342857360839844
9.638094902038574
10.047618865966797
10.885714530944824
13.380952835083008
14.076190948486328
15.15238094329834
15.580952644348145
15.171428680419922
16.78095245361328
15.219047546386719
15.371428489685059
12.352380752563477
13.733333587646484
15.323809623718262
15.266666412353516
15.990476608276367
15.533333778381348
15.69523811340332
17.30476188659668
16.342857360839844
17.02857208251953
18.933332443237305
19.399999618530273
