11.800000190734863
5.800000190734863
5.746153831481934
9.423076629638672
9.338461875915527
8.538461685180664
8.969230651855469
7.638461589813232
4.692307472229004
6.638461589813232
6.607692241668701
6.376923084259033
6.830769062042236
6.769230842590332
6.876923084259033
6.7076921463012695
6.546154022216797
6.838461399078369
6.8692307472229
8.130768775939941
11.39230728149414
12.315384864807129
7.838461399078369
8.753846168518066
9.030769348144531
7.915384769439697
6.953845977783203
8.699999809265137
7.599999904632568
10.661538124084473
11.300000190734863
13.561538696289062
11.876922607421875
12.161538124084473
7.115384578704834
6.7076921463012695
6.6307692527771
6.430769443511963
7.4076924324035645
7.469230651855469
7.815384387969971
7.684615612030029
7.7923078536987305
7.453845977783203
5.746153831481934
6.599999904632568
5.376923084259033
5.330769062042236
5.515384674072266
4.192307472229004
5.184615612030029
6.9076924324035645
7.184615612030029
9.15384578704834
8.461538314819336
9.146153450012207
10.15384578704834
9.976922988891602
9.561538696289062
10.29230785369873
11.569231033325195
11.438461303710938
10.592308044433594
11.215384483337402
9.723076820373535
10.300000190734863
8.776923179626465
10.10769271850586
9.376922607421875
11.115385055541992
11.576923370361328
9.115385055541992
9.44615364074707
9.584615707397461
11.430768966674805
9.915384292602539
11.100000381469727
9.092308044433594
12.199999809265137
14.338461875915527
14.5
13.353846549987793
13.415384292602539
11.807692527770996
12.046154022216797
11.869231224060059
12.338461875915527
10.323077201843262
11.515384674072266
11.092308044433594
11.430768966674805
12.10769271850586
9.615385055541992
10.715384483337402
10.969230651855469
9.853846549987793
9.146153450012207
9.70769214630127
8.584615707397461
8.523077011108398
