9.869999885559082
10.09000015258789
10.130000114440918
12.029999732971191
10.699999809265137
11.869999885559082
13.779999732971191
13.930000305175781
15.90999984741211
16.940000534057617
19.040000915527344
11.020000457763672
10.010000228881836
8.050000190734863
10.470000267028809
13.829999923706055
10.930000305175781
8.84000015258789
11.880000114440918
8.460000038146973
7.090000152587891
9.170000076293945
8.460000038146973
7.860000133514404
10.520000457763672
10.079999923706055
11.6899995803833
10.449999809265137
11.84000015258789
13.829999923706055
12.489999771118164
15.010000228881836
14.5600004196167
16.209999084472656
15.199999809265137
15.9399995803833
15.640000343322754
15.800000190734863
15.260000228881836
14.619999885559082
14.520000457763672
13.329999923706055
12.829999923706055
15.0600004196167
14.949999809265137
14.029999732971191
13.600000381469727
16.15999984741211
11.680000305175781
13.5
11.75
11.720000267028809
13.079999923706055
11.899999618530273
12.569999694824219
12.930000305175781
13.729999542236328
11.899999618530273
12.970000267028809
11.029999732971191
13.510000228881836
12.529999732971191
13.359999656677246
13.260000228881836
14.0
14.3100004196167
13.34000015258789
14.6899995803833
14.0600004196167
14.4399995803833
13.680000305175781
10.130000114440918
10.449999809265137
9.75
11.390000343322754
10.899999618530273
12.399999618530273
11.180000305175781
13.15999984741211
15.90999984741211
15.75
15.510000228881836
16.75
17.59000015258789
17.290000915527344
19.639999389648438
18.3700008392334
15.260000228881836
12.1899995803833
13.960000038146973
14.4399995803833
13.229999542236328
13.800000190734863
14.010000228881836
12.529999732971191
13.390000343322754
12.109999656677246
14.5600004196167
16.399999618530273
17.729999542236328
