6.6533331871032715
7.853333473205566
5.833333492279053
5.699999809265137
6.266666889190674
6.340000152587891
6.926666736602783
6.4066667556762695
6.013333320617676
6.340000152587891
4.639999866485596
3.386666774749756
5.393333435058594
4.599999904632568
5.246666431427002
4.840000152587891
6.480000019073486
6.326666831970215
6.146666526794434
6.400000095367432
6.099999904632568
6.273333549499512
8.553333282470703
6.413333415985107
6.21999979019165
5.9066667556762695
8.239999771118164
8.686666488647461
12.073333740234375
18.113332748413086
22.46666717529297
22.906665802001953
16.81333351135254
16.299999237060547
11.173333168029785
8.34666633605957
7.233333110809326
9.713333129882812
11.34666633605957
10.673333168029785
7.639999866485596
7.800000190734863
8.233333587646484
5.366666793823242
8.180000305175781
6.426666736602783
7.960000038146973
6.833333492279053
9.880000114440918
10.426666259765625
17.226667404174805
8.399999618530273
10.213333129882812
11.020000457763672
9.0600004196167
9.680000305175781
8.353333473205566
9.646666526794434
11.026666641235352
10.819999694824219
17.30666732788086
18.69333267211914
19.84000015258789
21.713333129882812
23.453332901000977
14.853333473205566
15.779999732971191
14.453332901000977
13.486666679382324
12.74666690826416
14.859999656677246
11.819999694824219
12.020000457763672
13.686666488647461
16.18000030517578
15.680000305175781
13.453332901000977
16.040000915527344
17.566667556762695
17.593334197998047
11.626667022705078
13.386666297912598
12.579999923706055
12.766666412353516
10.713333129882812
11.239999771118164
11.40666675567627
13.826666831970215
14.380000114440918
13.773333549499512
11.946666717529297
9.513333320617676
8.366666793823242
8.199999809265137
8.213333129882812
6.840000152587891
6.013333320617676
6.886666774749756
6.920000076293945
6.826666831970215
