10.4399995803833
10.09000015258789
9.630000114440918
10.5
13.130000114440918
11.859999656677246
14.050000190734863
13.40999984741211
13.539999961853027
15.579999923706055
15.619999885559082
12.479999542236328
11.5
7.960000038146973
9.140000343322754
11.0
9.670000076293945
9.609999656677246
9.920000076293945
8.100000381469727
6.670000076293945
8.180000305175781
10.149999618530273
8.569999694824219
12.319999694824219
13.25
12.350000381469727
11.199999809265137
9.470000267028809
10.279999732971191
11.350000381469727
17.049999237060547
14.720000267028809
14.6899995803833
13.130000114440918
13.149999618530273
8.890000343322754
12.319999694824219
15.869999885559082
14.010000228881836
14.84000015258789
11.869999885559082
11.569999694824219
14.09000015258789
13.069999694824219
13.069999694824219
12.210000038146973
13.34000015258789
10.850000381469727
12.760000228881836
11.350000381469727
12.989999771118164
12.140000343322754
10.84000015258789
12.800000190734863
12.039999961853027
11.550000190734863
11.300000190734863
10.880000114440918
10.390000343322754
11.239999771118164
11.4399995803833
11.229999542236328
10.90999984741211
12.470000267028809
12.539999961853027
10.859999656677246
10.670000076293945
9.289999961853027
9.34000015258789
10.850000381469727
9.729999542236328
11.710000038146973
8.800000190734863
10.149999618530273
6.96999979019165
9.170000076293945
10.569999694824219
10.039999961853027
9.760000228881836
11.180000305175781
11.8100004196167
13.180000305175781
15.369999885559082
15.100000381469727
16.299999237060547
13.819999694824219
14.710000038146973
11.470000267028809
13.449999809265137
14.390000343322754
14.880000114440918
15.869999885559082
14.569999694824219
15.399999618530273
17.389999389648438
16.020000457763672
17.59000015258789
19.65999984741211
19.5
