12.876190185546875
10.2380952835083
11.39047622680664
13.0
14.095237731933594
18.97142791748047
18.02857208251953
23.72381019592285
23.847618103027344
21.600000381469727
29.399999618530273
28.619047164916992
24.952381134033203
24.761905670166016
31.571428298950195
28.295238494873047
20.78095245361328
18.66666603088379
20.352380752563477
25.619047164916992
23.961904525756836
23.352380752563477
24.885713577270508
22.409523010253906
24.485713958740234
19.514286041259766
22.885713577270508
20.495237350463867
26.16190528869629
24.580951690673828
23.419048309326172
21.933332443237305
20.628570556640625
21.933332443237305
18.047618865966797
19.742856979370117
23.314285278320312
27.21904754638672
24.05714225769043
22.657142639160156
24.5238094329834
21.238094329833984
19.190475463867188
19.419048309326172
19.257143020629883
19.885713577270508
20.980953216552734
22.5238094329834
20.05714225769043
24.22857093811035
20.33333396911621
22.55238151550293
19.94285774230957
17.21904754638672
18.123809814453125
20.485713958740234
20.790475845336914
18.761905670166016
18.200000762939453
17.83809471130371
20.60952377319336
22.628570556640625
22.46666717529297
18.08571434020996
17.342857360839844
16.009523391723633
16.542856216430664
16.295238494873047
16.60952377319336
16.066667556762695
15.247618675231934
15.60952377319336
17.600000381469727
16.485713958740234
17.4761905670166
17.095237731933594
17.399999618530273
17.866666793823242
15.123809814453125
15.180952072143555
14.057143211364746
11.666666984558105
12.923809051513672
14.228571891784668
16.095237731933594
16.809524536132812
18.342857360839844
16.904762268066406
19.152381896972656
18.438095092773438
17.923809051513672
19.371429443359375
18.5238094329834
18.657142639160156
17.266666412353516
13.0
13.190476417541504
14.257143020629883
14.419047355651855
16.076190948486328
