12.007692337036133
5.7076921463012695
5.569230556488037
9.399999618530273
9.184615135192871
8.315384864807129
8.130768775939941
7.007692337036133
5.05384635925293
6.384615421295166
6.538461685180664
5.930769443511963
6.161538600921631
6.8692307472229
7.276923179626465
6.761538505554199
6.738461494445801
7.669230937957764
7.0923075675964355
8.023077011108398
9.438461303710938
10.692307472229004
6.961538314819336
8.030769348144531
7.900000095367432
7.546154022216797
6.2923078536987305
8.7384614944458
7.753846168518066
10.884614944458008
11.130768775939941
13.600000381469727
11.084615707397461
12.10769271850586
7.084615230560303
5.984615325927734
7.007692337036133
6.761538505554199
7.530769348144531
7.692307472229004
7.761538505554199
7.346153736114502
8.076923370361328
7.330769062042236
5.569230556488037
6.246153831481934
4.92307710647583
4.730769157409668
4.653846263885498
3.461538553237915
4.246153831481934
5.699999809265137
6.276923179626465
7.692307472229004
7.392307758331299
8.076923370361328
8.323077201843262
8.030769348144531
7.769230842590332
9.061538696289062
10.853846549987793
10.938461303710938
10.100000381469727
11.2615385055542
10.100000381469727
10.800000190734863
9.476922988891602
9.923076629638672
9.784615516662598
10.561538696289062
10.992307662963867
8.876922607421875
9.061538696289062
8.930768966674805
10.199999809265137
9.692307472229004
9.853846549987793
8.776923179626465
11.176922798156738
12.953845977783203
12.661538124084473
12.046154022216797
12.076923370361328
10.769230842590332
11.0
10.484615325927734
11.84615421295166
10.038461685180664
10.876922607421875
10.684615135192871
11.130768775939941
11.669230461120605
9.807692527770996
10.0
10.430768966674805
9.484615325927734
9.15384578704834
9.684615135192871
8.438461303710938
8.44615364074707
