11.615385055541992
5.815384387969971
5.261538505554199
8.969230651855469
9.123077392578125
8.2615385055542
7.007692337036133
6.992307662963867
5.315384387969971
6.538461685180664
6.42307710647583
5.7076921463012695
5.94615364074707
7.269230842590332
7.599999904632568
6.57692289352417
6.930769443511963
8.092308044433594
7.230769157409668
7.884615421295166
8.230769157409668
8.723076820373535
6.684615612030029
7.3230767250061035
7.646153926849365
8.423076629638672
5.815384387969971
8.769230842590332
8.284615516662598
10.530769348144531
10.715384483337402
13.10769271850586
10.361538887023926
11.7384614944458
7.284615516662598
6.3692307472229
8.007692337036133
7.453845977783203
8.538461685180664
8.376922607421875
8.0
7.2923078536987305
7.876923084259033
7.192307472229004
5.953845977783203
6.3692307472229
5.015384674072266
4.469230651855469
4.0923075675964355
3.230769157409668
4.015384674072266
4.815384387969971
6.0615386962890625
6.55384635925293
6.4384613037109375
6.761538505554199
6.153846263885498
5.615384578704834
5.569230556488037
6.699999809265137
9.369231224060059
9.699999809265137
8.600000381469727
10.076923370361328
9.79230785369873
10.984615325927734
9.915384292602539
10.15384578704834
9.638461112976074
9.523077011108398
9.976922988891602
8.176922798156738
8.676922798156738
8.784615516662598
8.899999618530273
8.676922798156738
7.815384387969971
7.723076820373535
9.0
9.269230842590332
8.976922988891602
9.246153831481934
8.838461875915527
7.400000095367432
8.415384292602539
8.823077201843262
10.215384483337402
8.569231033325195
9.684615135192871
9.623077392578125
10.415384292602539
10.861538887023926
9.84615421295166
9.223076820373535
9.161538124084473
8.561538696289062
8.776923179626465
8.915384292602539
8.338461875915527
7.769230842590332
