11.960000038146973
9.020000457763672
12.949999809265137
10.649999618530273
14.100000381469727
15.260000228881836
14.770000457763672
20.459999084472656
19.270000457763672
18.559999465942383
26.079999923706055
22.530000686645508
21.950000762939453
16.889999389648438
23.31999969482422
20.8700008392334
17.530000686645508
14.720000267028809
16.100000381469727
20.329999923706055
18.040000915527344
17.959999084472656
17.959999084472656
16.639999389648438
16.030000686645508
16.639999389648438
18.15999984741211
14.970000267028809
20.31999969482422
16.420000076293945
17.729999542236328
17.719999313354492
15.109999656677246
15.329999923706055
14.149999618530273
16.229999542236328
20.350000381469727
21.450000762939453
20.209999084472656
17.809999465942383
20.1299991607666
17.09000015258789
16.329999923706055
13.819999694824219
15.670000076293945
15.380000114440918
17.530000686645508
15.149999618530273
14.460000038146973
17.809999465942383
13.5600004196167
15.279999732971191
11.579999923706055
11.649999618530273
13.09000015258789
13.979999542236328
13.510000228881836
14.0600004196167
13.59000015258789
11.569999694824219
14.880000114440918
12.9399995803833
12.350000381469727
12.010000228881836
12.079999923706055
12.899999618530273
14.989999771118164
13.149999618530273
13.619999885559082
13.75
13.6899995803833
14.479999542236328
15.890000343322754
14.510000228881836
14.430000305175781
11.789999961853027
10.449999809265137
11.050000190734863
9.970000267028809
11.819999694824219
12.0600004196167
8.529999732971191
8.729999542236328
12.640000343322754
12.199999809265137
10.970000267028809
10.880000114440918
10.279999732971191
12.520000457763672
10.760000228881836
11.850000381469727
12.329999923706055
11.710000038146973
10.800000190734863
11.100000381469727
11.550000190734863
11.960000038146973
13.229999542236328
13.0600004196167
13.0600004196167
