11.771428108215332
9.619047164916992
9.323809623718262
9.895237922668457
13.84761905670166
11.199999809265137
12.961904525756836
12.600000381469727
12.485713958740234
15.647619247436523
13.666666984558105
12.133333206176758
12.190476417541504
11.438095092773438
12.314285278320312
13.552380561828613
11.980952262878418
10.438095092773438
9.419047355651855
7.990476131439209
6.142857074737549
8.209524154663086
10.971428871154785
9.047618865966797
12.980952262878418
14.447619438171387
13.885714530944824
11.714285850524902
9.780952453613281
9.838095664978027
12.076190948486328
17.21904754638672
14.942856788635254
14.571428298950195
12.828571319580078
12.809523582458496
7.780952453613281
11.399999618530273
15.076190948486328
12.771428108215332
12.409523963928223
10.209524154663086
10.30476188659668
11.780952453613281
11.399999618530273
11.60952377319336
11.485713958740234
12.209524154663086
10.2380952835083
11.914285659790039
10.990476608276367
12.133333206176758
10.552380561828613
9.84761905670166
10.990476608276367
11.361905097961426
10.428571701049805
10.190476417541504
9.800000190734863
9.7619047164917
10.7619047164917
10.361905097961426
10.885714530944824
10.571428298950195
9.942856788635254
9.84761905670166
9.219047546386719
9.076190948486328
9.142857551574707
9.104762077331543
10.447619438171387
10.552380561828613
10.771428108215332
9.619047164916992
11.39047622680664
9.333333015441895
10.54285717010498
10.0
9.60952377319336
9.066666603088379
9.933333396911621
10.438095092773438
11.352380752563477
13.69523811340332
14.171428680419922
15.095237731933594
11.885714530944824
12.600000381469727
9.438095092773438
11.923809051513672
12.552380561828613
13.723809242248535
13.809523582458496
13.371428489685059
14.990476608276367
14.60952377319336
12.085714340209961
13.504761695861816
16.238094329833984
15.84761905670166
