10.289999961853027
10.09000015258789
9.5
10.770000457763672
11.59000015258789
11.949999809265137
14.210000038146973
13.529999732971191
14.279999732971191
16.219999313354492
16.899999618530273
12.319999694824219
11.510000228881836
8.0
9.479999542236328
11.670000076293945
9.979999542236328
9.09000015258789
10.600000381469727
7.96999979019165
6.809999942779541
8.529999732971191
9.550000190734863
8.420000076293945
12.1899995803833
11.989999771118164
11.460000038146973
10.359999656677246
10.100000381469727
11.15999984741211
11.859999656677246
16.09000015258789
14.529999732971191
14.90999984741211
13.449999809265137
13.640000343322754
10.699999809265137
13.029999732971191
15.739999771118164
14.760000228881836
15.050000190734863
12.649999618530273
12.300000190734863
14.8100004196167
13.859999656677246
13.4399995803833
12.34000015258789
14.140000343322754
11.220000267028809
12.8100004196167
11.489999771118164
12.789999961853027
12.970000267028809
11.5
12.789999961853027
12.1899995803833
12.579999923706055
11.949999809265137
11.640000343322754
10.770000457763672
12.039999961853027
11.8100004196167
12.050000190734863
12.4399995803833
13.970000267028809
13.930000305175781
11.899999618530273
12.479999542236328
10.859999656677246
10.720000267028809
11.770000457763672
8.899999618530273
10.430000305175781
8.010000228881836
9.1899995803833
6.980000019073486
8.59000015258789
10.109999656677246
10.59000015258789
11.449999809265137
13.930000305175781
14.670000076293945
15.819999694824219
16.290000915527344
15.880000114440918
17.399999618530273
15.579999923706055
15.8100004196167
12.5
13.970000267028809
15.630000114440918
15.680000305175781
16.329999923706055
15.520000457763672
15.920000076293945
17.3799991607666
16.600000381469727
17.420000076293945
19.510000228881836
20.040000915527344
