10.876922607421875
6.0615386962890625
4.900000095367432
8.115385055541992
8.876922607421875
8.384614944458008
6.653846263885498
7.253846168518066
5.684615612030029
6.961538314819336
6.669230937957764
5.44615364074707
5.738461494445801
7.4384613037109375
7.807692527770996
7.338461399078369
7.169230937957764
8.061538696289062
7.569230556488037
7.92307710647583
7.723076820373535
7.884615421295166
6.876923084259033
6.8692307472229
7.3230767250061035
8.55384635925293
7.246153831481934
8.838461875915527
7.800000190734863
9.061538696289062
9.353846549987793
10.60769271850586
9.784615516662598
10.092308044433594
7.730769157409668
7.730769157409668
9.438461303710938
8.661538124084473
9.715384483337402
8.807692527770996
8.407691955566406
7.569230556488037
8.069231033325195
7.784615516662598
7.1769232749938965
6.638461589813232
5.607692241668701
4.3692307472229
4.0923075675964355
3.5461537837982178
4.623076915740967
4.699999809265137
5.615384578704834
5.738461494445801
5.315384387969971
5.9384613037109375
5.1307692527771
4.269230842590332
4.507692337036133
5.023077011108398
8.384614944458008
8.300000190734863
7.7076921463012695
8.692307472229004
8.961538314819336
9.70769214630127
9.361538887023926
9.884614944458008
9.146153450012207
9.546154022216797
9.069231033325195
8.523077011108398
9.253846168518066
9.423076629638672
9.492307662963867
8.276923179626465
7.300000190734863
6.92307710647583
7.330769062042236
7.153846263885498
6.376923084259033
7.4384613037109375
7.338461399078369
6.6769232749938965
7.361538410186768
6.6769232749938965
8.199999809265137
7.123076915740967
7.569230556488037
7.2076921463012695
8.184615135192871
8.523077011108398
8.476922988891602
7.523077011108398
7.238461494445801
6.761538505554199
7.6307692527771
8.015384674072266
6.6769232749938965
6.607692241668701
