9.780952453613281
9.60952377319336
9.161904335021973
10.666666984558105
10.647619247436523
11.590476036071777
13.447619438171387
13.114285469055176
15.314285278320312
17.685714721679688
17.733333587646484
11.866666793823242
11.980952262878418
10.904762268066406
12.476190567016602
14.771428108215332
11.600000381469727
8.504761695861816
10.628571510314941
7.961904525756836
6.599999904632568
8.733333587646484
9.571428298950195
8.714285850524902
12.257143020629883
11.600000381469727
11.2380952835083
9.780952453613281
10.104762077331543
12.190476417541504
11.638094902038574
15.142857551574707
13.952381134033203
14.790475845336914
13.495238304138184
13.552380561828613
12.600000381469727
13.733333587646484
14.2380952835083
14.714285850524902
14.428571701049805
12.495238304138184
11.933333396911621
14.657142639160156
13.685714721679688
13.066666603088379
12.219047546386719
14.009523391723633
10.980952262878418
12.438095092773438
11.180952072143555
12.495238304138184
13.257143020629883
11.419047355651855
12.161904335021973
12.333333015441895
13.104762077331543
11.742856979370117
12.590476036071777
11.190476417541504
12.704761505126953
12.276190757751465
13.028571128845215
13.571428298950195
13.961904525756836
13.866666793823242
12.285714149475098
12.952381134033203
11.657142639160156
11.619047164916992
12.076190948486328
9.057143211364746
9.476190567016602
8.15238094329834
9.466666221618652
8.076190948486328
9.819047927856445
9.84761905670166
10.952381134033203
13.438095092773438
14.828571319580078
15.076190948486328
15.895237922668457
16.380952835083008
16.02857208251953
17.685714721679688
16.866666793823242
16.123809814453125
13.276190757751465
14.638094902038574
16.190475463867188
15.39047622680664
16.53333282470703
16.257143020629883
15.019047737121582
15.952381134033203
15.047618865966797
16.047618865966797
17.91428565979004
18.580951690673828
