9.199999809265137
9.39230728149414
10.730769157409668
7.623076915740967
7.1307692527771
13.307692527770996
14.684615135192871
15.600000381469727
12.961538314819336
12.7615385055542
9.7384614944458
9.55384635925293
10.423076629638672
9.146153450012207
8.430768966674805
8.484615325927734
12.176922798156738
11.89230728149414
10.769230842590332
16.176923751831055
15.007692337036133
12.953845977783203
8.876922607421875
13.853846549987793
15.861538887023926
15.423076629638672
11.2384614944458
10.7384614944458
10.44615364074707
10.15384578704834
10.169230461120605
13.20769214630127
12.300000190734863
13.39230728149414
13.100000381469727
12.115385055541992
14.515384674072266
13.076923370361328
11.823077201843262
12.807692527770996
11.184615135192871
12.723076820373535
10.430768966674805
12.2615385055542
11.484615325927734
11.60769271850586
10.692307472229004
9.807692527770996
11.084615707397461
11.169230461120605
9.60769271850586
9.023077011108398
9.461538314819336
16.184616088867188
8.461538314819336
13.130768775939941
14.823077201843262
17.669231414794922
15.507692337036133
17.792306900024414
13.715384483337402
14.807692527770996
14.584615707397461
11.461538314819336
15.130768775939941
19.407691955566406
11.576923370361328
12.869231224060059
10.176922798156738
10.461538314819336
10.684615135192871
10.407691955566406
9.961538314819336
12.176922798156738
12.376922607421875
12.907691955566406
12.146153450012207
11.353846549987793
10.100000381469727
10.800000190734863
9.992307662963867
10.323077201843262
9.55384635925293
9.60769271850586
9.807692527770996
9.669230461120605
8.869231224060059
8.515384674072266
8.507692337036133
9.438461303710938
8.753846168518066
8.976922988891602
8.79230785369873
8.60769271850586
8.84615421295166
8.55384635925293
8.546154022216797
8.800000190734863
8.638461112976074
8.230769157409668
