9.504761695861816
13.45714282989502
9.790475845336914
14.580952644348145
11.685714721679688
21.0
19.83809471130371
31.0
34.17142868041992
43.28571319580078
38.771427154541016
47.82857131958008
42.35238265991211
54.904762268066406
51.761905670166016
57.80952453613281
52.64761734008789
58.771427154541016
57.68571472167969
60.5047607421875
58.4571418762207
63.66666793823242
60.619049072265625
61.53333282470703
59.628570556640625
62.57143020629883
60.88571548461914
64.86666870117188
63.733333587646484
63.514286041259766
65.0857162475586
68.4095230102539
67.5904769897461
70.29523468017578
68.0952377319336
70.27619171142578
68.77143096923828
69.68571472167969
68.05714416503906
70.85713958740234
69.4095230102539
70.56190490722656
68.87619018554688
72.34285736083984
70.28571319580078
73.1047592163086
71.19999694824219
74.11428833007812
72.32380676269531
75.37142944335938
73.60952758789062
75.63809204101562
75.07618713378906
76.33333587646484
74.66666412353516
75.84761810302734
74.12380981445312
75.75238037109375
74.97142791748047
75.52381134033203
74.98094940185547
76.05714416503906
76.79047393798828
77.18095397949219
76.43809509277344
77.0
76.64762115478516
76.96190643310547
75.990478515625
77.63809204101562
76.93333435058594
77.29523468017578
77.23809814453125
78.0
77.64762115478516
78.76190185546875
78.32380676269531
79.02857208251953
78.31428527832031
79.16190338134766
78.80952453613281
79.1047592163086
78.38095092773438
79.5999984741211
79.1047592163086
80.0857162475586
79.82857513427734
80.19047546386719
80.1047592163086
79.83809661865234
79.12380981445312
78.86666870117188
78.80952453613281
79.96190643310547
79.63809204101562
80.01905059814453
79.4952392578125
79.80952453613281
79.4952392578125
80.31428527832031
