13.365217208862305
15.573912620544434
12.973913192749023
15.0
14.913043022155762
13.626087188720703
14.721738815307617
15.55652141571045
8.591304779052734
9.339130401611328
13.469565391540527
12.34782600402832
13.55652141571045
11.495652198791504
13.600000381469727
14.939130783081055
15.582608222961426
14.52173900604248
19.513044357299805
16.12173843383789
15.0
16.452173233032227
14.686956405639648
12.678260803222656
15.113043785095215
17.008695602416992
15.295652389526367
14.452174186706543
13.47826099395752
14.113043785095215
17.008695602416992
14.721738815307617
18.12173843383789
16.365217208862305
16.22608757019043
17.486955642700195
19.2608699798584
18.81739044189453
18.008695602416992
17.399999618530273
15.30434799194336
17.591304779052734
16.234783172607422
17.295652389526367
17.356521606445312
16.295652389526367
16.947826385498047
16.799999237060547
16.826086044311523
17.61739158630371
15.600000381469727
17.017391204833984
17.83478355407715
16.582609176635742
14.373912811279297
15.600000381469727
14.052173614501953
15.243477821350098
13.17391300201416
12.956521987915039
13.104348182678223
13.486956596374512
15.0
15.782608985900879
15.52173900604248
18.600000381469727
16.669565200805664
16.443477630615234
17.12173843383789
15.573912620544434
14.278261184692383
12.747825622558594
12.060869216918945
11.52173900604248
15.426087379455566
17.365217208862305
18.086956024169922
17.295652389526367
18.07826042175293
18.07826042175293
16.96521759033203
14.086956977844238
14.90434741973877
16.65217399597168
15.817391395568848
15.8695650100708
16.860870361328125
16.295652389526367
15.417391777038574
15.704347610473633
13.182608604431152
14.165217399597168
11.913043022155762
10.617391586303711
9.860869407653809
10.07826042175293
10.278261184692383
11.208695411682129
12.226086616516113
11.765217781066895
