12.165217399597168
14.834782600402832
13.930435180664062
16.87826156616211
16.61739158630371
15.391304016113281
17.434782028198242
16.373912811279297
10.791304588317871
10.800000190734863
14.252174377441406
14.417391777038574
13.991304397583008
12.139130592346191
14.65217399597168
16.417390823364258
17.504348754882812
15.817391395568848
22.452173233032227
17.34782600402832
16.913043975830078
16.904348373413086
15.756522178649902
13.973913192749023
18.782608032226562
20.747825622558594
20.61739158630371
18.339130401611328
16.57391357421875
17.61739158630371
19.904348373413086
17.660869598388672
22.0
19.22608757019043
20.208696365356445
20.73043441772461
21.904348373413086
21.83478355407715
22.38260841369629
20.008695602416992
18.660869598388672
20.660869598388672
19.217391967773438
20.217391967773438
19.930435180664062
19.565217971801758
19.365217208862305
19.095651626586914
18.57391357421875
18.904348373413086
17.417390823364258
17.086956024169922
20.930435180664062
18.173913955688477
17.03478240966797
19.208696365356445
16.452173233032227
17.365217208862305
16.321739196777344
14.678260803222656
15.147826194763184
16.939130783081055
16.860870361328125
19.217391967773438
18.92173957824707
19.8869571685791
17.61739158630371
18.18260955810547
19.12173843383789
17.904348373413086
17.03478240966797
15.678260803222656
17.443477630615234
18.356521606445312
19.46956443786621
21.77391242980957
21.295652389526367
20.46086883544922
21.34782600402832
21.565217971801758
21.626087188720703
19.947826385498047
20.904348373413086
21.669565200805664
23.443477630615234
22.904348373413086
23.904348373413086
22.356521606445312
21.991304397583008
21.80869483947754
19.65217399597168
19.69565200805664
16.38260841369629
14.600000381469727
14.182608604431152
14.060869216918945
13.782608985900879
14.65217399597168
15.121739387512207
15.391304016113281
