6.139999866485596
8.953332901000977
8.473333358764648
11.506667137145996
10.74666690826416
13.199999809265137
12.739999771118164
12.90666675567627
10.353333473205566
14.273333549499512
18.979999542236328
22.30666732788086
21.986665725708008
22.586666107177734
22.513334274291992
21.566667556762695
21.81333351135254
23.873332977294922
23.700000762939453
26.66666603088379
25.940000534057617
29.093334197998047
30.15999984741211
32.413333892822266
30.85333251953125
33.33333206176758
31.18666648864746
33.459999084472656
33.67333221435547
34.65999984741211
36.2599983215332
38.29999923706055
37.78666687011719
38.46666717529297
37.82666778564453
38.099998474121094
39.2933349609375
39.91999816894531
37.7933349609375
39.70000076293945
40.37333297729492
42.2400016784668
43.766666412353516
44.96666717529297
45.00666809082031
45.400001525878906
46.36666488647461
46.2599983215332
47.77333450317383
48.2599983215332
49.43333435058594
49.266666412353516
50.753334045410156
50.11333465576172
50.41999816894531
49.813331604003906
50.119998931884766
49.8466682434082
49.900001525878906
50.233333587646484
51.50666809082031
51.7933349609375
52.72666549682617
52.27333450317383
53.14666748046875
51.79999923706055
52.52000045776367
52.28666687011719
52.880001068115234
52.91999816894531
53.753334045410156
52.746665954589844
54.00666809082031
53.53333282470703
54.313331604003906
53.81999969482422
55.060001373291016
54.913333892822266
55.246665954589844
54.86666488647461
55.27333450317383
55.220001220703125
55.880001068115234
55.253334045410156
55.7400016784668
55.41999816894531
55.9466667175293
55.720001220703125
55.97999954223633
56.026668548583984
55.813331604003906
56.1533317565918
56.540000915527344
56.313331604003906
56.880001068115234
56.69333267211914
56.7599983215332
56.913333892822266
57.266666412353516
56.813331604003906
