2.700000047683716
6.806666851043701
6.460000038146973
5.619999885559082
5.866666793823242
9.720000267028809
6.553333282470703
7.1533331871032715
7.066666603088379
7.573333263397217
7.933333396911621
8.893333435058594
13.713333129882812
16.399999618530273
15.033333778381348
17.626667022705078
16.719999313354492
14.739999771118164
15.393333435058594
18.1733341217041
19.633333206176758
18.906665802001953
18.479999542236328
17.373332977294922
15.693333625793457
17.200000762939453
18.113332748413086
16.633333206176758
17.046667098999023
19.31333351135254
19.139999389648438
14.426666259765625
17.293333053588867
16.899999618530273
16.266666412353516
15.213333129882812
14.260000228881836
15.053333282470703
15.733333587646484
12.986666679382324
13.873332977294922
13.880000114440918
11.533333778381348
11.579999923706055
12.399999618530273
12.506667137145996
11.526666641235352
10.75333309173584
11.353333473205566
13.033333778381348
13.760000228881836
11.40666675567627
11.539999961853027
10.966666221618652
10.4399995803833
10.793333053588867
10.446666717529297
10.859999656677246
10.766666412353516
10.173333168029785
13.119999885559082
13.41333293914795
12.859999656677246
12.720000267028809
12.619999885559082
11.166666984558105
10.826666831970215
11.779999732971191
12.893333435058594
10.74666690826416
11.266666412353516
10.74666690826416
9.5600004196167
10.34000015258789
8.786666870117188
10.173333168029785
9.773333549499512
9.726666450500488
9.953332901000977
13.013333320617676
10.34666633605957
12.0
11.326666831970215
12.220000267028809
11.0
13.58666706085205
11.686666488647461
12.59333324432373
11.65999984741211
12.326666831970215
11.239999771118164
11.073333740234375
11.020000457763672
9.173333168029785
10.65999984741211
10.493332862854004
9.726666450500488
9.266666412353516
11.039999961853027
7.853333473205566
