10.260000228881836
12.899999618530273
9.899999618530273
11.930000305175781
10.960000038146973
19.049999237060547
21.309999465942383
29.540000915527344
31.600000381469727
37.33000183105469
38.52000045776367
44.2400016784668
39.029998779296875
49.720001220703125
47.310001373291016
48.599998474121094
44.709999084472656
50.970001220703125
53.220001220703125
57.900001525878906
54.66999816894531
59.900001525878906
58.04999923706055
57.61000061035156
59.939998626708984
62.540000915527344
58.72999954223633
62.619998931884766
61.599998474121094
57.5
60.099998474121094
60.189998626708984
64.54000091552734
62.970001220703125
59.4900016784668
61.16999816894531
60.689998626708984
58.5
58.18000030517578
58.77000045776367
60.77000045776367
59.720001220703125
60.09000015258789
62.11000061035156
60.7599983215332
61.25
59.779998779296875
62.38999938964844
63.18000030517578
66.41000366210938
65.44000244140625
65.97000122070312
67.19999694824219
67.43000030517578
66.30000305175781
65.91000366210938
65.3499984741211
65.0999984741211
65.36000061035156
66.06999969482422
66.66999816894531
67.9000015258789
67.91000366210938
67.88999938964844
67.30000305175781
66.5999984741211
66.8499984741211
67.95999908447266
67.16000366210938
68.68000030517578
67.20999908447266
67.19999694824219
67.48999786376953
66.80000305175781
66.12000274658203
68.22000122070312
68.37999725341797
68.7699966430664
69.77999877929688
69.13999938964844
69.05999755859375
68.25
65.62999725341797
65.0
65.27999877929688
64.41999816894531
64.19000244140625
66.72000122070312
68.44000244140625
67.9000015258789
68.16999816894531
68.41999816894531
66.8499984741211
67.97000122070312
68.87999725341797
69.44999694824219
68.91999816894531
68.93000030517578
70.51000213623047
69.55000305175781
