10.176922798156738
10.284615516662598
9.899999618530273
8.84615421295166
8.876922607421875
13.769230842590332
16.507692337036133
16.823076248168945
14.930768966674805
15.015384674072266
11.407691955566406
10.384614944458008
11.746153831481934
12.353846549987793
13.853846549987793
13.507692337036133
14.623077392578125
17.076923370361328
15.169230461120605
19.33846092224121
18.846153259277344
15.138461112976074
10.961538314819336
17.092308044433594
18.930768966674805
18.74615478515625
14.823077201843262
14.669230461120605
13.753846168518066
14.307692527770996
14.884614944458008
17.46923065185547
15.646153450012207
14.923076629638672
13.184615135192871
13.89230728149414
15.769230842590332
15.753846168518066
16.230770111083984
18.092308044433594
14.723076820373535
14.830769538879395
15.7615385055542
16.315383911132812
15.992307662963867
15.353846549987793
17.538461685180664
16.25384521484375
16.05384635925293
13.7615385055542
12.2615385055542
14.130768775939941
15.546154022216797
19.369230270385742
16.069231033325195
19.546154022216797
18.369230270385742
17.94615364074707
14.315384864807129
16.91538429260254
18.315383911132812
19.16153907775879
17.269229888916016
14.276923179626465
13.823077201843262
17.761537551879883
12.976922988891602
16.299999237060547
13.907691955566406
14.669230461120605
15.130768775939941
15.230769157409668
14.461538314819336
16.74615478515625
18.061538696289062
16.19230842590332
15.384614944458008
14.746153831481934
12.323077201843262
13.692307472229004
12.284615516662598
12.769230842590332
12.253846168518066
11.70769214630127
11.907691955566406
12.146153450012207
10.076923370361328
9.492307662963867
9.592308044433594
10.453845977783203
9.29230785369873
10.123077392578125
9.969230651855469
10.061538696289062
9.576923370361328
9.523077011108398
9.338461875915527
8.60769271850586
9.423076629638672
9.069231033325195
