15.991304397583008
12.043478012084961
5.765217304229736
10.07826042175293
6.921739101409912
9.017391204833984
8.165217399597168
10.852173805236816
10.373912811279297
13.591304779052734
13.34782600402832
11.339130401611328
10.878260612487793
11.8695650100708
13.843478202819824
14.765217781066895
11.182608604431152
7.878261089324951
11.852173805236816
12.965217590332031
10.043478012084961
12.800000190734863
11.217391014099121
10.069564819335938
12.608695983886719
11.165217399597168
12.278261184692383
11.34782600402832
12.504347801208496
11.834782600402832
12.513043403625488
6.791304111480713
11.582608222961426
9.495652198791504
10.852173805236816
11.539130210876465
14.086956977844238
16.678260803222656
14.252174377441406
14.539130210876465
12.026086807250977
13.460869789123535
10.452174186706543
9.956521987915039
9.721738815307617
9.92173957824707
10.608695983886719
11.07826042175293
11.852173805236816
13.782608985900879
13.756522178649902
12.156521797180176
12.90434741973877
12.843478202819824
11.834782600402832
13.973913192749023
15.704347610473633
18.765216827392578
18.286956787109375
17.356521606445312
16.03478240966797
17.365217208862305
16.30434799194336
15.669565200805664
16.452173233032227
13.939130783081055
15.90434741973877
17.521739959716797
18.443477630615234
16.339130401611328
19.339130401611328
17.782608032226562
19.060869216918945
19.80869483947754
19.69565200805664
21.052173614501953
23.68695640563965
21.26956558227539
22.321739196777344
20.791303634643555
20.582609176635742
23.04347801208496
23.947826385498047
25.504348754882812
23.8869571685791
26.991304397583008
26.660869598388672
22.73043441772461
20.930435180664062
20.399999618530273
19.60869598388672
19.591304779052734
18.286956787109375
18.600000381469727
20.973913192749023
22.095651626586914
20.556522369384766
21.96521759033203
21.399999618530273
18.278261184692383
