16.7391300201416
9.913043022155762
6.886956691741943
9.530434608459473
6.582608699798584
8.817391395568848
8.104348182678223
10.408695220947266
12.356521606445312
15.226086616516113
13.82608699798584
12.052173614501953
11.17391300201416
10.808695793151855
11.069564819335938
12.73043441772461
10.495652198791504
6.26086950302124
9.182608604431152
10.956521987915039
8.52173900604248
11.913043022155762
10.773913383483887
10.017391204833984
10.860869407653809
9.913043022155762
9.791304588317871
9.55652141571045
10.634782791137695
10.147826194763184
9.713043212890625
5.034782409667969
8.817391395568848
6.469565391540527
8.156521797180176
8.565217018127441
9.591304779052734
15.026086807250977
13.017391204833984
14.530434608459473
11.199999809265137
11.530434608459473
11.373912811279297
9.800000190734863
9.417391777038574
8.973913192749023
9.669565200805664
10.721738815307617
11.782608985900879
14.234782218933105
13.782608985900879
11.504347801208496
12.252174377441406
13.217391014099121
12.165217399597168
13.965217590332031
17.139129638671875
18.991304397583008
18.791303634643555
18.15652084350586
16.200000762939453
17.434782028198242
16.252174377441406
15.382608413696289
15.808695793151855
11.547825813293457
13.165217399597168
14.286956787109375
14.930435180664062
12.82608699798584
16.12173843383789
14.139130592346191
15.765217781066895
16.452173233032227
17.234783172607422
20.026086807250977
23.1130428314209
21.80869483947754
23.38260841369629
20.19130516052246
18.339130401611328
21.252174377441406
23.417390823364258
25.973913192749023
26.026086807250977
29.452173233032227
28.77391242980957
23.660869598388672
22.31304359436035
22.208696365356445
20.39130401611328
20.060869216918945
18.38260841369629
18.139129638671875
20.73043441772461
21.565217971801758
19.173913955688477
21.12173843383789
20.19130516052246
16.930435180664062
